$SPEC_ID:
No sample description was entered.
$SPEC_REM:
DET# 1
DETDESC# NEWTON MCB 338
AP# Maestro Version 6.06
$DATE_MEA:
11/19/2016 20:57:40
$MEAS_TIM:
3172 3178
$DATA:
0 8191
       0
       0
       0
       0
       0
       0
       0
       0
       0
       0
       0
       0
       0
       0
       0
       0
       0
       0
       0
       0
       0
       0
       0
       0
       0
       0
       0
       0
       0
       0
       0
       0
       0
       0
       0
       0
       0
       0
       0
       0
       0
       0
       0
       0
       0
       0
       0
       0
       0
       0
       3
      66
     119
     108
      95
     109
      95
     110
      99
     110
      84
      84
      99
     104
      87
     100
     109
      92
     104
      90
      80
      93
      88
      73
      97
      92
      93
      86
      84
      79
      83
      92
      78
      76
      71
      81
      82
      87
      75
      86
      89
      67
      71
      77
      75
      66
      76
      77
      77
      66
      70
      67
      82
      75
      74
      75
      77
      66
      82
      67
      87
      69
      82
      62
      77
      74
      80
      84
      62
      71
      72
      72
      90
      61
      72
      79
      76
      81
      67
      65
      85
      53
      86
     117
     155
     181
     183
     197
     151
      89
      62
      57
      54
      55
      56
      64
      62
      50
      55
      66
      63
      84
     128
     156
     135
     136
      99
     106
      79
      88
      60
      51
      44
      55
      57
      62
      48
      50
      49
      58
      57
      47
      46
      55
      36
      51
      56
      42
      41
      59
      44
      27
      43
      50
      42
      41
      59
      37
      52
      42
      44
      49
      56
      33
      56
      43
      58
      38
      50
      46
      38
      43
      47
      45
      45
      53
      48
      46
      39
      42
      30
      42
      45
      51
      44
      35
      44
      54
      50
      56
      40
      46
      49
      68
      44
      39
      47
      39
      42
      43
      36
      51
      41
      51
      58
      51
      38
      51
      48
      48
      49
      55
      69
      54
      47
      43
      45
      46
      47
      64
      69
      59
      42
      62
      45
      37
      43
      46
      54
      50
      39
      39
      52
      56
      57
      40
      52
      47
      44
      61
      64
      76
      60
      67
      64
      75
      62
      88
      81
      80
      78
      99
      91
     112
      86
      68
      72
      55
      65
      61
      62
      66
      63
      38
      76
      48
      58
      74
      61
      64
      65
      41
      59
      69
      60
      78
      64
      62
      68
      67
      64
      64
      58
      55
      69
      61
      55
      51
      56
      51
      48
      59
      38
      59
      66
      58
      57
      54
      50
      60
      63
      57
      70
      58
      52
      66
      63
      56
      51
      65
      43
      67
      37
      53
      69
      70
      57
      62
      59
      60
      46
      57
      68
      53
      62
      65
      56
      72
      69
      51
      53
      63
      72
      68
      57
      83
      61
      68
      58
      58
      77
      55
      75
      57
      65
      74
      57
      74
      60
      72
      85
      75
      70
      79
      71
      67
      82
      74
      67
      73
      80
      66
      82
      74
      82
      75
      75
      67
     115
     265
     751
    1789
    2978
    3078
    2086
     882
     310
     123
      77
      59
      59
      50
      61
      48
      54
      44
      44
      48
      36
      46
      53
      42
      60
      48
      48
      48
      48
      61
      39
      46
      53
      57
      51
      58
      48
      59
      49
      44
      46
      50
      49
      53
      41
      41
      42
      39
      42
      39
      48
      41
      42
      50
      37
      49
      47
      37
      43
      34
      36
      48
      37
      41
      41
      50
      50
      50
      39
      45
      43
      48
      45
      40
      58
      55
      55
      46
      54
      49
      51
      47
      64
      53
      63
      51
      69
      45
      60
      65
      59
      64
      63
      60
      58
      43
      56
      80
      48
      59
      45
      67
      45
      51
      63
      59
      44
      54
      50
      61
      50
      55
      58
      60
      55
      58
      49
      35
      52
      47
      51
      48
      46
      60
      54
      53
      55
      53
      55
      42
      59
      46
      41
      56
      50
      55
      35
      43
      41
      72
      48
      51
      47
      48
      47
      46
      58
      56
      44
      43
      47
      48
      51
      41
      49
      44
      54
      54
      36
      48
      57
      40
      49
      52
      48
      41
      49
      46
      36
      39
      34
      42
      52
      51
      46
      46
      40
      40
      50
      58
      43
      41
      45
      40
      43
      27
      41
      38
      42
      41
      44
      35
      52
      49
      49
      42
      38
      45
      46
      34
      41
      40
      40
      54
      46
      27
      39
      39
      34
      49
      45
      32
      46
      35
      47
      49
      41
      42
      32
      53
      47
      52
      43
      44
      52
      38
      39
      30
      37
      33
      48
      42
      49
      52
      37
      43
      48
      44
      41
      56
      42
      54
      55
      40
      55
      50
      59
      44
      47
      39
      37
      43
      43
      49
      55
      40
      32
      40
      52
      32
      50
      43
      42
      44
      53
      42
      36
      36
      47
      37
      43
      35
      41
      45
      39
      29
      37
      42
      33
      34
      33
      35
      28
      40
      53
      44
      45
      45
      44
      41
      30
      54
      34
      33
      34
      39
      42
      35
      39
      38
      38
      48
      40
      39
      34
      29
      26
      51
      47
      33
      43
      28
      40
      44
      33
      45
      38
      40
      41
      52
      47
      47
      38
      38
      37
      33
      35
      34
      36
      39
      44
      41
      38
      33
      38
      30
      27
      25
      33
      27
      29
      35
      31
      26
      32
      49
      44
      35
      30
      30
      39
      26
      33
      26
      28
      27
      30
      28
      23
      32
      37
      30
      29
      39
      23
      25
      35
      27
      30
      27
      35
      29
      36
      31
      31
      37
      26
      34
      22
      34
      37
      27
      16
      25
      18
      31
      23
      30
      32
      29
      26
      29
      29
      34
      30
      25
      26
      27
      31
      24
      39
      46
     119
     284
     448
     485
     426
     212
     102
      37
      30
      28
      24
      20
      28
      29
      26
      34
      28
      24
      23
      23
      19
      13
      29
      23
      29
      23
      28
      27
      25
      23
      22
      20
      36
      22
      20
      17
      20
      21
      20
      12
      22
      26
      20
      28
      19
      17
      25
      18
      21
      27
      18
      23
      24
      13
      22
      28
      26
      28
      19
      14
      15
      22
      18
      31
      21
      19
      18
      22
      30
      18
      23
      19
      21
      25
      19
      17
      17
      25
      25
      19
      18
      21
      19
      24
      18
      23
      28
      18
      24
      20
      19
      28
      23
      12
      12
      18
      21
      16
      17
      14
      15
      23
      26
      21
      26
      23
      23
      16
      16
      21
      23
      23
      26
      20
      28
      11
      17
      13
      13
      18
      30
      20
      15
      16
      14
      26
      18
      13
      15
      17
      17
      17
      17
      20
      12
      20
      14
      17
      20
      15
      20
      14
      19
      14
      14
      21
      23
      20
      27
      15
      15
      19
      13
      15
      19
      17
      16
      14
      20
      19
      11
      16
      18
      22
      17
      16
      10
      29
      30
      43
      35
      30
      25
      21
       6
      22
      19
      13
      10
      16
      23
      14
      11
      24
      16
      18
      22
      15
      17
      19
      21
      21
      16
      17
      25
      16
      16
      19
      23
      19
      16
      17
      20
      15
      19
       8
      16
      17
      23
      14
      20
      22
      10
      18
      16
      17
      24
      12
      13
       9
      24
      18
      24
      10
      18
      17
      17
      23
      20
      18
      20
      21
      24
      17
      25
      19
      15
      19
      17
      19
      20
      18
       7
      15
      13
      20
       8
      11
      15
      14
      15
      16
      23
      20
      14
      24
      13
      13
      15
      19
      18
      15
      10
      29
      22
      21
      19
      12
      23
      16
      11
      20
      11
      11
      18
      15
      17
      16
      15
      22
      27
      21
      13
      14
      21
      17
      11
      16
      12
      18
      15
      21
      18
      18
      14
      22
      14
      16
       7
      17
      14
      18
      19
      13
      15
      12
      21
      14
      16
      12
      21
      18
      19
      11
      16
      10
      16
      20
      16
      26
      20
      24
      27
      82
     221
     533
     921
    1149
    1048
     676
     280
     102
      40
      16
      11
      10
      17
      16
       9
      14
      15
      15
      18
      18
      18
      13
      14
      12
      14
      11
      15
       7
       9
       9
      22
      15
      12
       8
      17
      16
      14
      12
      14
      14
      10
      14
      11
      11
      13
      10
      13
      14
      15
      10
      12
      11
      15
      12
      12
      18
      11
      13
      14
      11
      11
      13
      17
      11
      11
      14
      10
      11
      16
      22
      11
      17
      20
      18
      12
      14
      11
      18
      37
      35
      42
      18
      23
      22
      16
      15
      13
      15
      13
      14
       9
      11
       8
      10
      10
      18
      16
      12
      14
       6
       9
      15
       7
      10
      11
      11
      21
      10
      10
      10
       7
      12
      11
      10
      16
       5
      11
      15
       7
      12
      14
       7
      10
       7
      13
      11
      14
      10
      12
      13
      10
      15
       9
      12
      11
      12
      12
       9
      14
      17
      11
       9
      12
       6
       9
      10
      17
       9
       8
      14
      11
      13
       8
       9
       8
      12
      15
      11
      14
      13
      13
       2
      12
      13
      13
      16
      13
       5
       9
      14
       7
      14
       9
      10
      12
      21
      10
      10
      12
       9
      14
      10
      15
      14
       4
      13
       4
       9
      15
      13
       7
      10
      10
      14
      17
       9
      11
      11
      13
      16
      11
      13
      10
       8
       9
       8
      13
       7
       7
      12
      13
       7
       6
      16
      14
       5
      13
      18
      32
      55
      90
      79
      60
      34
      30
      20
      10
      10
       9
      22
      18
      10
      14
      10
      11
      10
       9
      21
      14
       8
       8
      15
      10
       7
       7
      12
       9
      12
       8
       8
      15
      16
      10
      13
      11
       6
      12
      13
      14
       9
      13
      13
      10
      13
      14
       9
       9
      12
      11
       8
      18
       9
       8
      12
       8
      14
      11
       7
       9
       9
      12
      14
      16
      11
      19
      14
       7
      12
       5
       6
      15
       9
      12
      10
       7
      15
       6
      11
      10
       7
      13
      10
       4
      12
       6
      13
      15
       9
      13
      11
      18
       9
      12
      13
      15
       8
      13
      17
      10
      12
      18
      11
      17
      15
      22
      33
      79
      98
     112
      71
      39
      30
      16
      16
      10
      18
       9
       9
      15
       4
       5
      12
       8
      12
       5
      12
      12
      12
      11
      18
       9
      12
       8
      17
      10
      11
      17
      12
      12
       9
       8
      10
       8
      17
       7
      13
       5
       8
      15
       9
      11
       9
       9
      11
      11
       7
      17
      17
       9
      16
      10
      12
       8
      11
      12
       8
       9
       7
      10
      14
      13
      11
      12
       5
       9
      10
       8
       9
      10
      12
       9
      11
       9
      12
       9
       8
      10
       5
      11
      12
      12
      12
      13
      22
      12
      11
      14
      14
      17
      15
      18
      16
      12
      10
      17
       3
      16
      11
      12
      13
      19
       9
      11
      17
      15
      10
       8
      11
      19
      17
      17
      11
      10
       7
       8
       9
      13
      13
      11
      12
      21
      19
       8
      10
      10
      12
      10
      10
       9
      12
      14
       4
      10
      11
      15
      10
       3
      12
      10
      15
       6
      15
      18
      16
      21
      14
      21
      13
      14
      15
      11
       9
       8
      16
       8
      11
      13
      11
      13
      12
      15
       7
       8
      17
      16
      15
       5
      22
       6
      12
      10
       9
       8
      10
      11
      12
      15
      10
      14
       9
       8
      11
      10
       9
      15
       7
       8
      11
      17
      12
       9
       9
       7
      11
       9
       9
      11
      11
      15
      12
       9
       9
       8
       7
      12
      11
      11
      14
      13
      10
       5
      11
       9
      15
      10
      15
      19
      14
      16
      10
      17
      24
       9
      10
      13
       7
       7
      10
       7
       8
       8
      16
       7
       8
       6
       6
      16
      11
       9
       7
      12
      16
      14
      11
      11
       8
      16
      11
      12
      17
      16
      17
       7
      13
      11
      10
      14
       7
       9
      11
       9
      12
      11
      18
       7
      17
       7
      12
      11
       9
      12
      16
      13
       6
       9
       4
      11
      15
      13
      12
      17
      16
       8
      15
      14
      10
      19
      11
       7
      10
       5
      11
      14
      10
      12
       8
      13
      14
       9
       8
      10
      13
      10
      13
      15
       6
      14
      14
      10
      11
      11
      17
       9
       9
      10
      10
      13
       9
      13
       6
       9
      12
      11
       9
      12
      11
      13
       6
      12
      12
       9
      13
       9
      12
       8
       4
       8
       4
      12
      11
       5
      15
      10
      12
      13
       9
      11
       8
      12
      14
      13
      10
       7
       9
       9
       7
      13
       8
      16
      11
       6
       8
       9
       9
      10
      12
      11
      15
      12
      12
      11
      16
      12
       8
       9
       8
      14
      10
      12
      10
      13
       8
      10
      14
      13
      15
      16
      16
      22
      12
      13
      22
      13
       8
      16
      13
      21
      11
      13
      10
       7
      12
      12
      14
       8
      17
      13
      17
      13
      17
      15
      15
      11
       9
      11
      13
      11
      14
      17
      11
      12
      10
      16
      10
       7
      10
      10
      15
       8
      13
      13
       8
      13
      14
      12
       8
       8
      15
      18
      14
      10
      15
      13
      10
      13
      14
      13
      14
      15
      15
      10
      10
       9
       9
      13
      18
      11
       7
      12
      11
      16
      16
      23
      17
      14
      16
       9
      10
      10
       8
       6
       9
       9
      12
      13
      14
      12
      10
       8
      15
       7
       9
       9
      12
       8
      13
       9
       6
      11
      10
      10
      14
       8
      12
      10
      11
       8
       9
      12
       9
       8
      13
       9
       5
       8
       9
       8
      15
       8
      14
       9
       6
       7
       8
      13
      10
      16
       8
      11
       8
      15
      11
      14
      17
      10
      10
      14
      12
       8
       6
       7
      12
      13
      10
      10
      10
      10
      11
      12
      14
       8
      14
       5
       9
      11
      13
       6
       4
      11
       6
      11
      12
      10
       9
       7
      17
       9
      13
       9
       9
       4
       7
      10
       5
       9
      10
       8
      10
      15
       9
       7
       3
       9
       8
       6
      13
      12
      12
      12
       9
       8
       8
       8
       8
      11
      12
       6
       9
      11
       4
      10
      10
       5
      14
       8
      12
       5
       9
      13
       6
      16
       9
      13
       8
      16
       7
       6
       9
       9
      13
      11
      11
      10
      10
       8
       7
       9
      12
      10
      16
      10
      10
      13
       6
      13
       7
      13
       8
       6
      12
      14
      12
      11
      12
      10
      12
      11
       8
       5
       7
      12
      12
      10
      12
      11
       7
       8
      10
      11
      11
       8
       6
       9
      10
      12
       5
      10
       5
      12
      10
       9
       7
       9
       8
      10
       7
      19
       8
      12
       9
      10
      12
      12
       8
       6
       9
       9
       8
       7
       8
      10
      10
      12
       3
       8
      13
      14
      14
       7
      13
       5
      12
      10
      15
       8
       7
       8
       9
      10
      14
       3
      10
       9
       6
       6
      12
      12
      12
       8
      14
       5
      15
      11
      13
       8
       9
       8
      13
      11
      14
       9
      11
      14
       8
      17
      10
       8
      12
       9
       7
       6
      10
      15
       5
      13
      16
       8
       5
      10
      10
      11
       7
       9
       7
      10
      14
      11
       9
      19
      17
      14
      15
      13
       7
      12
       9
      11
       8
       7
       8
      15
      15
      13
      14
      11
      12
      14
       9
       6
       8
       7
       5
       9
      10
      13
      11
       4
       7
      10
       6
      10
      11
      15
       9
       9
       8
       9
      11
      12
      11
      12
       9
      10
      18
      22
      25
      16
      18
      15
      13
      12
      16
      16
      10
       7
      10
       7
      10
       9
       8
      14
      10
       2
       9
      14
       9
       8
       9
       8
      11
       7
      17
       9
      12
       7
       8
      14
       2
       7
      10
       6
       9
      12
       5
       4
       7
      12
       9
      10
      20
       9
      10
       8
       8
       9
      11
       8
      12
       6
       8
      10
      10
      10
       8
       5
       8
      10
       8
      14
      15
      11
       8
       8
       5
       8
       9
      10
       8
       7
       6
      10
      11
       8
       7
      11
      13
      12
       8
       3
      14
       7
      10
       6
       4
       2
       6
       8
       6
      10
       5
       6
       8
       8
       9
      18
      18
      13
      11
      16
      16
       9
      12
       5
      12
      13
       9
      12
      10
       7
      11
       9
      12
       9
      11
       5
      13
       8
      12
      19
       8
       7
       7
       6
       8
      10
      10
       7
       9
       9
       9
      11
       6
      14
      11
      12
      10
       6
       9
       6
       5
      10
      13
       7
      12
      10
      13
      10
       8
       6
       7
       6
      11
      10
      13
      13
       7
      10
      11
      10
      13
       8
      10
      14
       8
       6
       7
       9
       6
       8
       7
       9
       8
       8
       9
      12
       8
       4
       9
       5
       9
       6
       8
      13
       4
      10
       5
       8
      13
       8
      12
      14
      11
      15
      12
       8
       6
       9
       7
       8
       7
       7
       8
       6
       7
       5
      14
      10
       8
       7
       6
      12
       8
       9
       6
      10
       8
      10
       7
      11
      15
       6
      10
      12
       7
      10
       6
      10
       8
      17
       9
      10
      14
       8
       6
       6
      10
      10
      10
      10
      15
      16
       7
      12
       8
      17
      13
      12
      12
      10
       4
      10
       8
      11
       4
      13
       8
      10
      14
      10
      13
       7
      10
       7
      11
       5
      12
      13
       4
       4
      11
       5
       9
       5
       7
       8
      17
      11
      14
       7
       9
       7
      12
       8
       6
      26
      40
      76
     139
     175
     170
     193
     119
      95
      40
      24
       7
       9
       6
       6
       6
       7
       7
       7
       8
       8
       9
       5
       8
       9
       6
      10
       6
       8
      10
       6
      11
       8
      10
       5
       7
      10
      10
      10
       8
      17
       5
       8
      11
      14
       9
       8
       4
       4
       5
      13
       8
       7
       4
       5
       7
      11
       7
      13
       8
       6
      12
       6
       6
       7
       8
       9
       5
       4
       6
      10
       4
       4
      15
       7
       3
       9
      10
       9
       7
       6
       4
       4
       4
       7
       8
       6
       9
       7
       2
       9
       4
       8
      11
       6
       7
      10
       9
       9
      10
       9
       6
       5
      12
       6
      12
      12
       8
      12
       7
       7
       9
       9
       6
       7
       5
       7
      14
       7
       6
       3
      10
      14
       4
       9
       8
       4
       8
       6
       5
      10
      12
       4
      11
       8
       6
       6
      12
      13
       8
       6
       5
      10
       6
       9
       4
       8
       8
       9
      11
       7
       5
       5
       9
       6
       9
       9
       7
       7
       6
       4
       9
      10
       9
       8
       5
       6
       9
       8
       5
       6
       4
       9
      13
      12
       6
       7
       8
       9
      10
       6
       7
       9
       5
       8
      10
       8
       6
      14
       5
       8
       6
       7
       8
       7
       9
       5
       6
      12
       8
       6
       5
       8
      14
      10
      10
       3
       5
       8
       7
      12
       8
       6
       7
       8
       7
       6
       2
       7
       4
       6
       8
       5
       8
       7
       8
       8
       7
       8
      11
      12
       7
       4
      11
       9
       9
       8
       9
       7
       7
       7
       3
      12
      14
       8
       7
       6
      10
      13
       9
      10
      14
       7
       8
       7
      12
       8
      13
       7
       8
       2
       8
       9
       6
       7
       4
      13
       4
       6
      11
       6
      10
       6
      10
       7
       5
      11
       5
       7
       4
       5
       9
      12
       6
       6
       7
       6
      13
      14
      18
      21
      41
      54
      62
      61
      59
      25
      23
      13
      11
       7
       8
       7
      10
      13
       8
       7
      11
      11
      10
       9
      11
      13
       7
      11
       6
      11
       8
       7
       6
      10
       6
       7
       9
       6
       5
       9
       5
       7
       4
       5
       8
       7
      10
      11
      11
       4
       8
       2
       5
       8
       5
      10
       4
      10
       5
       5
       7
      11
       8
       6
       8
      13
       7
       3
      10
       6
       4
       8
       8
       5
       7
       9
       5
       7
       3
       6
       7
       7
       3
       7
       6
       8
       8
       8
       7
       6
       6
      11
      10
       5
       9
       5
       7
       6
       5
       6
       9
       5
      10
       6
      12
       8
       7
      10
       4
       8
       8
       8
       7
       8
       7
       6
       9
       7
      10
       3
       3
       4
       5
       5
       8
       6
       8
       9
       4
       5
       8
      10
       8
       5
       7
       5
       9
       9
       3
       8
       3
       6
       6
       6
       3
       8
       5
       4
       2
       2
       5
       7
       5
       9
       4
       2
       3
       7
       4
       8
       8
       8
       7
       4
       2
       6
       7
       2
       6
       9
       5
       7
       9
       6
      10
      11
       9
      12
       3
       6
       6
       7
      10
       5
       8
       6
       6
       4
       4
       7
       5
       9
       6
       3
       7
       6
       7
       6
       7
      10
       6
       9
       4
       2
       4
       6
       3
       3
       7
       7
       4
       7
       2
       7
       1
       5
       7
       4
       7
       7
       9
       4
       3
       7
       8
       6
       3
       9
       7
       3
       4
       5
       5
       7
       3
       5
       9
       4
       9
       4
       8
       3
       2
       4
       8
       4
       3
       3
       6
       3
       4
       3
       5
       4
       2
       6
       8
       5
       4
       1
       8
       5
       3
       4
       3
       3
       9
       5
       3
       6
       6
       3
       5
       8
       2
       5
       4
       5
       2
       2
      12
       4
       4
       5
       2
       5
       1
       1
       2
       3
       6
       4
       5
       2
       4
       4
       2
       3
       4
       1
       6
       7
       2
      11
       3
       2
       5
       3
      10
       6
       6
       7
       6
       7
       3
      16
      26
      52
      61
     102
     147
     160
     132
     125
      73
      38
      18
      11
       8
       1
       7
       6
       3
       2
       3
       1
       4
       2
       2
       6
       4
       5
       2
       0
       6
       1
       3
       4
       6
       8
       3
       0
       2
       4
       2
       3
       3
       6
       6
       7
       1
       3
       4
       5
       4
       3
       7
       2
       4
       1
       5
       4
       5
       3
       2
       3
       6
       3
       3
       4
       1
       2
       3
       2
       4
       5
       5
       1
       7
       4
       5
       5
       5
       3
       6
       5
       9
       3
       3
       6
       1
       3
       2
       0
       5
       7
       4
       5
       3
       4
       4
       5
       5
       3
       3
       3
       3
       2
       7
       1
       3
       6
       1
       1
       6
       5
       2
       3
       9
       3
       6
       1
       2
       1
       1
       5
       4
       1
       3
       3
       4
       2
       4
       4
       7
       5
       3
       1
       6
       7
       6
       5
      14
       7
       6
      12
       7
       9
       6
       3
       6
       5
       6
       1
       2
       5
       1
       0
       4
       3
       4
       6
       4
       0
       2
       5
       0
       1
       6
       4
       7
       4
       0
       3
       3
       1
       2
       1
       3
       2
       3
       5
       1
       5
       4
       4
       0
       1
       2
       3
       3
       4
       5
       2
       4
       5
       7
       4
       4
       3
       2
       6
       1
       1
       6
       3
       1
       3
       5
       6
       3
       2
       3
       1
       5
       4
       2
       7
       2
       1
       3
       0
       2
       1
       3
       5
       5
       1
       3
       3
       6
       4
       3
       4
       1
       4
       4
       2
       3
       2
       4
       2
       4
       4
       4
       2
       9
       3
       1
       2
      10
       2
       3
       5
       3
       4
       6
       6
       3
       1
       2
       5
       1
       6
       4
       5
       4
       2
       5
       2
       3
       4
       4
       0
       1
       5
       6
       5
       4
       5
       2
       2
       4
       4
       7
       5
       2
       4
       3
       1
       4
       2
       5
       3
       2
       9
       6
       3
       2
       4
       3
       0
       2
       5
       2
       7
       3
       2
       2
       2
       1
       3
       3
       1
       1
       3
       6
       3
       1
       3
       5
       2
       4
       5
       4
       5
       2
       4
       2
       3
       5
       3
       3
       5
       5
       1
       1
       8
       5
       3
       2
       2
       1
       8
       4
       9
       3
       3
       2
       1
       3
       4
       2
       0
       4
       0
       4
       4
       3
       4
       5
       4
       4
       8
       5
       4
       4
       3
       3
       3
       3
       2
       7
       3
       4
       2
       4
       5
       3
       4
       4
       5
       1
       2
       9
       5
       3
       5
       3
       2
       4
       3
       4
       4
       4
       5
       1
       4
       5
       0
       3
       3
      13
      13
      31
      48
      85
      95
      88
      82
      46
      47
      14
      14
       7
       7
       7
      18
      10
      18
      20
      14
      16
       9
      10
      11
       3
       4
       4
       2
       5
       2
       5
       7
       0
       7
       2
       5
       2
       3
       8
       3
       0
       3
       6
       3
       4
       1
       1
       4
       5
       5
       3
       3
       5
       2
       6
       3
       2
       3
       3
       4
       5
       4
       4
       2
       3
       7
       6
       6
       3
       4
       3
       2
       4
       7
       4
       2
       3
       3
       4
       0
       2
       5
       4
       9
       5
       3
      10
      34
      49
      89
     129
     124
     108
      97
      64
      28
      20
      12
       9
       1
       3
       5
       4
       4
       3
       3
       7
       1
       2
       2
       7
       3
       3
       1
       3
       8
       6
       8
       1
       4
       3
       3
       7
       1
       5
       4
       5
       3
       2
       4
       3
       4
       1
       2
       4
       7
       1
       1
       1
       5
       0
       3
       4
       9
       0
       3
       2
       1
       2
       3
       7
       5
       2
       3
       6
       4
       3
       3
       4
       2
       1
       3
       5
       2
       2
       2
       2
       3
       2
       1
       4
       3
       5
       6
       3
       3
       4
       2
       3
       3
       4
       2
       5
       5
       5
       4
       7
       3
       1
       0
       2
       3
       5
       7
       6
       4
       3
       7
       4
       3
       3
       2
       6
       5
       1
       5
       2
       5
       3
       2
       2
       0
       4
       4
       4
       3
       2
       1
       3
       1
       3
       4
       3
       7
       5
       4
       1
       3
       3
       3
       4
       4
       4
       2
       2
       2
       3
       4
       6
       5
       3
       2
       5
       0
       3
       6
       4
       5
       3
       4
       3
       5
       1
       5
       4
       6
       1
       4
       6
       2
       5
       5
       5
       6
       5
       3
       2
       4
       1
       7
       3
       5
       6
       3
       3
       5
       3
       4
       8
       7
       4
       3
       3
       3
       4
       5
       4
       7
       4
       3
       3
       5
       4
       8
       3
       4
       4
       7
       3
       3
       2
       2
       3
       0
       4
       9
       2
       4
       8
       3
       3
       3
       6
       2
       2
       2
       3
      11
       7
       5
       5
       2
       3
       3
       2
       3
       4
       6
       2
       1
       3
       2
       6
       3
       8
       4
       3
       2
       3
       5
       1
       7
       5
       4
       3
       3
       1
       4
       5
       5
       1
       2
       3
       1
       4
       3
       2
       5
       2
       4
       4
       1
       2
       1
       1
       4
       5
       5
       0
       3
       3
       1
       2
       3
       1
       1
       2
       5
       2
       3
       5
       1
       3
       2
       3
       2
       3
       0
       1
       1
       2
       1
       5
       2
       0
       6
       2
       3
       7
       6
       2
       0
       0
       1
       1
       3
       5
       1
       2
       3
       2
       3
       2
       2
       3
       4
       2
       9
      13
      13
      18
      14
      14
       5
       1
       5
       3
       5
       2
       4
       0
       2
       2
       4
       1
       1
       1
       6
       2
       3
       3
       3
       1
       3
       1
       1
       2
       3
       3
       2
       2
       3
       1
       3
       2
       2
       3
       4
       0
       2
       2
       1
       2
       1
       2
       1
       1
       2
       6
       2
       3
       2
       0
       3
       0
       0
       3
       2
       1
       1
       4
       4
       2
       1
       3
       2
       2
       1
       1
       1
       1
       3
       2
       0
       4
       2
       3
       2
       2
       2
       6
       2
       2
       5
       0
       3
       1
       2
       2
       3
       2
       1
       0
       5
       4
       4
       1
       4
       1
       5
       1
       3
       1
       2
       2
       2
       1
       2
       2
       3
       3
       3
       1
       2
       1
       2
       2
       2
       4
       3
       4
       7
       0
       2
       1
       2
       2
       3
       2
       5
       1
       2
       1
       3
       2
       1
       3
       1
       1
       1
       2
       3
       1
       0
       0
       2
       4
       1
       1
       1
       1
       2
       1
       2
       2
       0
       3
       3
       1
       2
       0
       2
       1
       0
       2
       3
       1
       0
       1
       2
       3
       1
       1
       3
       0
       1
       1
       1
       0
       2
       1
       4
       2
       1
       0
       2
       0
       3
       0
       2
       1
       0
       2
       1
       3
       3
       1
       0
       3
       2
       3
       2
       4
       2
       3
       0
       1
       2
       3
       0
       0
       2
       0
       0
       0
       1
       1
       1
       0
       1
       1
       3
       2
       0
       3
       2
       3
       1
       0
       1
       0
       2
       0
       1
       0
       3
       1
       0
       0
       2
       0
       0
       0
       3
       1
       1
       0
       1
       0
       2
       1
       0
       4
       2
       0
       2
       2
       2
       2
       2
       2
       1
       0
       1
       1
       1
       1
       1
       0
       2
       1
       2
       2
       1
       1
       1
       2
       2
       7
      10
      12
      11
       9
       6
       1
       4
       3
       0
       1
       1
       1
       1
       0
       1
       3
       0
       1
       0
       0
       0
       1
       2
       0
       0
       1
       2
       2
       2
       1
       0
       2
       1
       0
       1
       1
       1
       0
       0
       1
       2
       0
       5
       1
       0
       2
       1
       1
       0
       0
       0
       1
       0
       0
       1
       0
       0
       1
       1
       0
       1
       0
       0
       1
       1
       1
       1
       1
       0
       2
       2
       0
       0
       1
       0
       0
       1
       0
       1
       0
       0
       1
       1
       2
       1
       1
       1
       2
       0
       0
       1
       2
       1
       0
       0
       0
       5
       0
       1
       0
       1
       0
       0
       0
       0
       0
       1
       0
       1
       0
       0
       1
       0
       0
       0
       1
       0
       0
       1
       3
       1
       0
       1
       3
       0
       0
       1
       1
       0
       1
       0
       1
       2
       0
       2
       1
       0
       0
       1
       1
       1
       0
       0
       0
       2
       0
       0
       0
       0
       1
       0
       0
       0
       0
       0
       1
       0
       1
       1
       0
       2
       0
       1
       1
       0
       0
       1
       1
       0
       0
       1
       0
       0
       1
       0
       0
       0
       0
       1
       0
       1
       1
       0
       2
       1
       0
       0
       0
       0
       2
       0
       1
       1
       1
       1
       3
       0
       0
       2
       0
       0
       1
       0
       0
       1
       0
       1
       1
       0
       0
       0
       1
       1
       0
       0
       0
       1
       0
       1
       0
       0
       1
       0
       0
       2
       0
       0
       0
       0
       0
       0
       0
       0
       0
       0
       0
       1
       0
       1
       0
       1
       0
       0
       0
       0
       0
       0
       0
       1
       0
       1
       0
       1
       1
       1
       0
       1
       1
       1
       1
       0
       1
       0
       1
       0
       0
       1
       1
       0
       0
       0
       2
       1
       0
       1
       1
       1
       0
       0
       0
       0
       2
       0
       0
       0
       0
       0
       0
       0
       1
       0
       0
       0
       0
       0
       1
       0
       0
       1
       1
       1
       0
       0
       0
       0
       0
       0
       1
       0
       0
       0
       0
       0
       1
       0
       0
       0
       1
       1
       0
       0
       0
       0
       1
       0
       0
       0
       0
       0
       1
       1
       1
       0
       0
       0
       1
       0
       1
       1
       0
       1
       0
       0
       0
       2
       1
       0
       2
       1
       3
      14
      24
      38
      55
      88
     117
     159
     134
     116
      86
      43
      19
       9
       9
       0
       2
       0
       0
       0
       0
       0
       0
       0
       1
       1
       1
       0
       0
       1
       0
       0
       0
       0
       0
       0
       0
       0
       0
       1
       1
       0
       0
       0
       0
       0
       0
       0
       1
       0
       0
       0
       0
       0
       0
       0
       0
       0
       0
       0
       0
       1
       0
       0
       0
       0
       0
       0
       1
       0
       0
       2
       0
       0
       0
       0
       0
       0
       1
       0
       0
       0
       0
       0
       0
       0
       0
       0
       0
       0
       1
       1
       0
       0
       0
       0
       0
       0
       0
       0
       0
       0
       2
       0
       0
       1
       0
       0
       1
       0
       0
       0
       0
       2
       1
       0
       0
       0
       0
       1
       0
       0
       0
       0
       0
       0
       0
       1
       0
       1
       0
       0
       1
       0
       1
       0
       0
       0
       0
       0
       0
       0
       1
       0
       0
       0
       0
       0
       0
       0
       0
       0
       1
       1
       0
       0
       0
       0
       0
       0
       0
       0
       0
       0
       0
       0
       1
       4
       4
       4
       3
       5
       2
       0
       2
       0
       3
       3
       4
       6
       6
       9
       4
       3
       3
       0
       0
       1
       0
       0
       1
       0
       0
       0
       0
       0
       0
       0
       0
       0
       0
       2
       1
       1
       0
       0
       1
       0
       1
       0
       1
       0
       0
       0
       0
       1
       0
       0
       0
       0
       0
       0
       1
       0
       0
       0
       0
       0
       1
       0
       1
       1
       0
       0
       0
       1
       0
       1
       1
       1
       0
       0
       2
       0
       0
       0
       0
       0
       0
       0
       0
       1
       0
       0
       0
       0
       0
       1
       0
       0
       1
       0
       1
       1
       0
       1
       0
       0
       0
       0
       0
       0
       0
       0
       0
       0
       0
       0
       1
       0
       0
       0
       0
       0
       0
       0
       1
       2
       0
       1
       0
       0
       0
       1
       0
       0
       0
       0
       0
       0
       0
       0
       0
       0
       1
       0
       0
       0
       0
       0
       0
       1
       1
       0
       1
       0
       0
       0
       0
       0
       0
       0
       0
       0
       0
       2
       0
       0
       1
       0
       0
       0
       0
       0
       0
       0
       1
       0
       0
       0
       0
       0
       0
       0
       0
       0
       0
       0
       2
       0
       0
       0
       1
       0
       0
       0
       1
       0
       0
       0
       0
       0
       0
       0
       0
       0
       0
       0
       0
       1
       0
       1
       0
       1
       1
       0
       0
       0
       0
       0
       1
       1
       0
       1
       0
       1
       0
       0
       0
       0
       0
       0
       0
       0
       1
       0
       0
       1
       1
       0
       2
       1
       0
       2
       3
       0
       2
       0
       1
       0
       0
       1
       0
       0
       0
       0
       0
       0
       0
       0
       0
       1
       0
       0
       0
       0
       0
       0
       0
       0
       0
       1
       0
       0
       0
       0
       1
       1
       0
       1
       0
       1
       0
       0
       0
       0
       1
       1
       0
       0
       1
       0
       0
       0
       0
       0
       0
       1
       0
       2
       0
       0
       0
       0
       0
       0
       0
       1
       1
       0
       0
       0
       0
       0
       0
       0
       0
       0
       0
       0
       0
       0
       0
       1
       0
       0
       0
       0
       0
       0
       0
       2
       0
       0
       0
       1
       0
       0
       0
       2
       0
       0
       0
       0
       0
       0
       0
       0
       0
       0
       0
       0
       0
       0
       0
       0
       0
       1
       0
       0
       0
       0
       0
       0
       0
       0
       0
       0
       0
       0
       0
       0
       0
       0
       1
       0
       0
       0
       0
       0
       0
       0
       1
       0
       0
       0
       0
       0
       0
       0
       0
       0
       1
       0
       0
       0
       0
       1
       0
       0
       0
       0
       0
       0
       0
       0
       0
       0
       0
       0
       0
       0
       0
       0
       1
       0
       0
       0
       0
       0
       0
       0
       1
       1
       0
       0
       0
       1
       0
       0
       0
       1
       0
       0
       0
       0
       0
       0
       0
       0
       0
       1
       0
       0
       0
       0
       0
       0
       0
       0
       0
       1
       1
       1
       0
       0
       0
       1
       0
       0
       0
       0
       0
       0
       1
       1
       0
       0
       0
       0
       0
       0
       0
       0
       0
       0
       0
       1
       0
       1
       0
       0
       0
       0
       0
       0
       0
       0
       0
       0
       0
       0
       0
       0
       2
       0
       0
       0
       0
       0
       0
       0
       0
       0
       0
       0
       0
       0
       1
       0
       0
       0
       0
       1
       0
       0
       1
       0
       0
       0
       1
       0
       1
       0
       0
       0
       1
       1
       0
       0
       0
       0
       0
       0
       0
       0
       1
       0
       0
       0
       0
       0
       0
       0
       0
       0
       0
       0
       0
       0
       0
       1
       0
       0
       0
       0
       0
       0
       0
       1
       0
       0
       0
       0
       0
       0
       0
       0
       0
       0
       0
       1
       0
       0
       0
       0
       0
       0
       0
       1
       1
       0
       0
       0
       0
       0
       0
       0
       0
       0
       0
       0
       1
       0
       0
       0
       0
       0
       0
       0
       0
       0
       0
       0
       1
       0
       0
       0
       0
       1
       0
       0
       0
       0
       0
       0
       0
       0
       0
       0
       1
       0
       0
       0
       0
       1
       1
       0
       0
       1
       0
       0
       0
       0
       0
       0
       1
       0
       0
       0
       0
       0
       0
       1
       0
       0
       1
       0
       0
       0
       0
       0
       0
       0
       1
       0
       0
       0
       0
       0
       1
       0
       0
       0
       0
       0
       1
       0
       0
       0
       0
       1
       0
       0
       0
       1
       0
       0
       1
       1
       0
       1
       0
       0
       0
       0
       0
       0
       0
       0
       0
       0
       0
       0
       0
       0
       0
       0
       0
       0
       0
       0
       0
       0
       0
       0
       0
       0
       1
       0
       0
       0
       0
       0
       0
       0
       0
       0
       0
       0
       0
       0
       0
       0
       0
       1
       0
       0
       0
       0
       0
       0
       0
       0
       0
       0
       0
       0
       0
       0
       0
       0
       0
       0
       0
       1
       0
       0
       0
       0
       0
       0
       0
       0
       0
       0
       0
       0
       0
       0
       1
       0
       0
       0
       0
       0
       0
       0
       0
       0
       0
       0
       0
       0
       1
       0
       0
       1
       0
       0
       0
       0
       0
       0
       0
       0
       0
       1
       0
       0
       0
       0
       0
       1
       0
       0
       0
       0
       0
       0
       0
       0
       0
       0
       1
       0
       0
       0
       0
       1
       0
       0
       0
       0
       0
       0
       0
       0
       0
       0
       0
       0
       0
       0
       0
       0
       0
       0
       0
       0
       0
       0
       0
       0
       0
       0
       0
       0
       0
       1
       1
       0
       0
       1
       0
       1
       0
       0
       0
       0
       0
       0
       0
       0
       1
       0
       0
       0
       0
       0
       0
       0
       0
       0
       0
       0
       0
       0
       1
       1
       0
       0
       0
       0
       0
       0
       0
       0
       0
       0
       0
       0
       0
       1
       0
       0
       0
       0
       0
       1
       0
       0
       0
       0
       1
       1
       1
       0
       0
       0
       0
       0
       0
       0
       0
       0
       0
       0
       0
       0
       0
       0
       1
       0
       0
       0
       0
       0
       0
       0
       2
       0
       1
       1
       0
       0
       0
       1
       0
       0
       0
       0
       0
       0
       0
       0
       0
       0
       0
       1
       0
       1
       0
       0
       0
       1
       0
       0
       0
       0
       0
       0
       0
       0
       0
       0
       0
       1
       1
       0
       0
       0
       0
       0
       0
       0
       1
       0
       0
       0
       0
       0
       1
       0
       0
       0
       0
       0
       0
       0
       0
       0
       0
       0
       0
       1
       1
       0
       0
       0
       0
       0
       0
       0
       0
       0
       0
       0
       0
       0
       0
       0
       0
       2
       1
       0
       0
       2
       1
       2
       3
       2
       1
       0
       1
       1
       0
       0
       0
       1
       0
       0
       1
       0
       0
       1
       0
       0
       0
       0
       0
       0
       0
       0
       1
       0
       0
       1
       0
       0
       0
       0
       0
       0
       0
       0
       0
       0
       0
       0
       0
       1
       0
       0
       0
       0
       1
       0
       0
       0
       0
       0
       0
       0
       0
       0
       0
       0
       1
       0
       0
       0
       0
       0
       0
       0
       0
       0
       0
       0
       0
       0
       0
       0
       0
       0
       0
       0
       0
       0
       1
       0
       0
       0
       0
       0
       0
       0
       0
       1
       0
       0
       0
       0
       0
       0
       0
       1
       0
       1
       0
       0
       0
       0
       0
       1
       0
       0
       0
       0
       0
       1
       0
       0
       0
       0
       0
       0
       0
       0
       0
       1
       0
       0
       0
       0
       0
       0
       0
       0
       0
       0
       0
       0
       0
       0
       0
       0
       0
       0
       1
       0
       0
       0
       0
       0
       0
       1
       1
       0
       0
       0
       0
       0
       0
       0
       0
       0
       0
       0
       0
       0
       0
       0
       0
       0
       0
       0
       0
       0
       0
       0
       0
       0
       0
       0
       0
       0
       0
       0
       0
       0
       0
       0
       0
       0
       0
       0
       0
       0
       0
       0
       0
       0
       0
       0
       0
       0
       0
       0
       0
       0
       1
       0
       0
       0
       0
       0
       0
       0
       0
       0
       0
       0
       0
       0
       0
       0
       0
       0
       0
       0
       0
       1
       0
       0
       0
       0
       0
       0
       1
       0
       0
       0
       0
       0
       0
       0
       0
       0
       0
       0
       0
       0
       0
       0
       0
       0
       0
       0
       0
       0
       0
       0
       0
       0
       0
       0
       0
       0
       1
       0
       0
       0
       0
       1
       0
       0
       0
       0
       0
       0
       0
       0
       0
       0
       0
       0
       0
       0
       0
       0
       0
       0
       0
       0
       0
       0
       0
       0
       0
       0
       0
       0
       0
       0
       0
       0
       0
       1
       0
       0
       1
       0
       0
       0
       0
       0
       0
       1
       0
       0
       0
       0
       0
       1
       0
       0
       0
       0
       0
       0
       0
       0
       0
       0
       0
       0
       0
       0
       0
       0
       0
       0
       0
       0
       0
       0
       0
       0
       0
       0
       0
       0
       0
       0
       0
       0
       0
       0
       1
       0
       0
       0
       0
       0
       0
       1
       0
       0
       1
       0
       0
       0
       0
       0
       0
       0
       0
       1
       0
       0
       0
       0
       0
       0
       1
       0
       0
       0
       1
       0
       0
       0
       0
       1
       0
       0
       0
       0
       0
       0
       0
       0
       0
       1
       1
       0
       0
       0
       0
       0
       0
       0
       0
       0
       0
       0
       0
       0
       1
       0
       0
       0
       0
       0
       0
       0
       0
       0
       0
       0
       0
       0
       0
       0
       0
       1
       0
       0
       1
       0
       0
       0
       0
       0
       0
       0
       0
       0
       0
       0
       0
       0
       0
       0
       0
       1
       0
       0
       0
       1
       0
       0
       0
       0
       0
       0
       0
       0
       0
       0
       0
       0
       0
       0
       1
       0
       0
       0
       0
       1
       0
       0
       0
       0
       0
       0
       0
       0
       0
       0
       0
       0
       0
       0
       0
       0
       0
       0
       0
       0
       0
       0
       1
       0
       1
       0
       2
       0
       0
       0
       0
       0
       0
       0
       0
       1
       1
       1
       0
       0
       0
       0
       0
       0
       0
       0
       0
       0
       0
       0
       1
       0
       0
       0
       0
       0
       0
       0
       0
       0
       0
       0
       0
       1
       0
       0
       0
       0
       1
       0
       0
       0
       0
       0
       0
       0
       0
       0
       0
       0
       0
       0
       0
       0
       0
       0
       0
       0
       0
       0
       0
       0
       0
       0
       0
       0
       0
       0
       0
       0
       1
       0
       0
       0
       0
       0
       0
       0
       0
       0
       0
       0
       1
       0
       0
       0
       0
       0
       0
       0
       0
       0
       0
       0
       1
       0
       0
       0
       0
       0
       0
       0
       0
       0
       0
       0
       0
       0
       0
       0
       0
       0
       0
       0
       0
       0
       0
       0
       0
       0
       0
       1
       0
       0
       1
       0
       0
       0
       0
       0
       0
       0
       0
       0
       0
       0
       0
       0
       0
       0
       0
       0
       0
       0
       0
       0
       0
       0
       0
       0
       0
       0
       0
       0
       0
       1
       0
       0
       0
       0
       0
       1
       0
       0
       0
       0
       0
       0
       0
       0
       1
       0
       0
       0
       1
       0
       0
       0
       1
       0
       0
       0
       0
       0
       0
       0
       0
       0
       0
       0
       0
       0
       0
       0
       0
       0
       0
       0
       0
       0
       0
       0
       0
       0
       0
       0
       0
       0
       0
       0
       1
       0
       0
       0
       0
       0
       0
       0
       0
       0
       0
       0
       0
       0
       0
       0
       0
       0
       0
       0
       0
       0
       0
       0
       0
       0
       0
       0
       0
       0
       0
       0
       0
       0
       0
       0
       0
       0
       0
       0
       0
       0
       0
       0
       0
       0
       1
       0
       0
       0
       0
       0
       0
       1
       0
       0
       0
       0
       0
       0
       0
       0
       0
       0
       0
       0
       0
       0
       0
       0
       0
       0
       0
       0
       0
       0
       0
       0
       0
       0
       0
       0
       0
       0
       0
       0
       1
       0
       0
       0
       0
       0
       0
       0
       0
       0
       0
       0
       0
       0
       0
       0
       0
       0
       0
       0
       0
       0
       1
       0
       0
       0
       0
       0
       0
       0
       0
       0
       0
       0
       0
       0
       0
       0
       0
       0
       0
       1
       0
       0
       0
       0
       1
       0
       0
       0
       0
       0
       0
       1
       0
       0
       0
       0
       0
       0
       1
       0
       0
       0
       0
       0
       0
       0
       0
       0
       0
       0
       0
       0
       0
       0
       0
       0
       0
       0
       0
       0
       0
       0
       0
       0
       0
       0
       0
       0
       0
       0
       0
       0
       0
       0
       0
       0
       1
       0
       0
       1
       1
       0
       0
       0
       0
       0
       0
       0
       0
       0
       0
       0
       0
       0
       0
       0
       0
       0
       0
       0
       0
       0
       0
       0
       0
       1
       1
       0
       0
       0
       0
       0
       0
       1
       1
       0
       0
       0
       0
       0
       0
       0
       0
       0
       0
       0
       1
       0
       0
       0
       0
       0
       0
       0
       0
       0
       0
       1
       0
       0
       0
       1
       0
       0
       0
       0
       0
       0
       0
       0
       0
       0
       0
       0
       0
       0
       0
       0
       0
       0
       0
       0
       1
       1
       0
       0
       0
       0
       1
       0
       0
       0
       0
       0
       0
       0
       0
       0
       1
       0
       0
       1
       0
       0
       0
       1
       0
       0
       0
       0
       0
       0
       0
       1
       1
       0
       0
       0
       0
       0
       1
       0
       0
       1
       0
       0
       0
       0
       0
       0
       0
       0
       0
       0
       0
       0
       0
       0
       1
       0
       0
       0
       0
       0
       1
       1
       0
       0
       0
       0
       0
       0
       0
       0
       0
       0
       0
       0
       0
       0
       1
       0
       0
       0
       0
       0
       0
       0
       0
       0
       1
       0
       0
       0
       0
       0
       0
       0
       0
       0
       0
       0
       1
       0
       1
       0
       0
       0
       0
       0
       0
       0
       1
       0
       1
       0
       0
       0
       1
       0
       0
       1
       0
       0
       1
       0
       1
       1
       0
       0
       1
       0
       0
       1
       0
       0
       0
       0
       0
       0
       0
       0
       0
       0
       0
       0
       0
       0
       0
       0
       0
       0
       1
       0
       0
       0
       1
       0
       0
       0
       0
       0
       0
       0
       0
       0
       0
       1
       0
       0
       1
       0
       0
       0
       0
       0
       1
       1
       0
       0
       1
       0
       0
       0
       0
       0
       0
       0
       1
       0
       0
       0
       0
       0
       0
       0
       0
       1
       0
       0
       0
       0
       0
       0
       0
       0
       0
       0
       0
       0
       0
       0
       0
       0
       0
       0
       0
       0
       0
       0
       0
       0
       0
       0
       0
       0
       0
       0
       0
       1
       0
       0
       1
       0
       0
       0
       0
       1
       0
       0
       0
       0
       0
       0
       0
       1
       0
       0
       0
       0
       0
       0
       1
       0
       0
       0
       0
       0
       0
       0
       0
       0
       0
       0
       0
       0
       0
       0
       0
       0
       0
       1
       0
       0
       0
       0
       0
       1
       0
       0
       1
       0
       0
       0
       0
       0
       0
       0
       0
       0
       0
       0
       0
       0
       0
       0
       0
       0
       0
       0
       0
       0
       0
       0
       0
       0
       0
       0
       0
       0
       0
       0
       0
       0
       0
       0
       0
       0
       0
       0
       0
       0
       0
       0
       0
       0
       0
       0
       0
       0
       1
       0
       0
       0
       0
       0
       0
       0
       0
       0
       0
       0
       1
       0
       0
       1
       0
       0
       0
       0
       0
       0
       0
       0
       0
       0
       0
       0
       0
       0
       0
       0
       0
       0
       0
       0
       0
       0
       0
       0
       0
       0
       0
       0
       0
       0
       0
       0
       0
       0
       1
       0
       0
       0
       0
       0
       0
       0
       0
       0
       0
       0
       0
       0
       0
       0
       1
       0
       0
       0
       0
       0
       0
       0
       0
       0
       0
       0
       1
       0
       0
       0
       0
       0
       0
       0
       0
       0
       0
       0
       0
       0
       0
       0
       0
       0
       0
       0
       0
       0
       0
       0
       0
       0
       0
       0
       0
       0
       0
       0
       0
       1
       0
       0
       0
       0
       0
       0
       0
       0
       0
       0
       0
       0
       1
       0
       2
       0
       0
       0
       0
       0
       0
       0
       0
       0
       0
       1
       0
       0
       1
       0
       1
       0
       0
       0
       0
       0
       1
       0
       0
       0
       0
       0
       0
       0
       0
       0
       0
       0
       0
       0
       0
       0
       0
       0
       0
       0
       1
       0
       0
       0
       0
       0
       0
       0
       0
       0
       0
       0
       0
       0
       0
       0
       0
       0
       0
       0
       0
       0
       0
       0
       1
       0
       0
       0
       0
       0
       0
       0
       0
       0
       0
       0
       0
       0
       0
       0
       0
       0
       0
       0
       0
       0
       0
       0
       0
       0
       0
       0
       0
       0
       0
       0
       0
       0
       0
       0
       0
       0
       0
       0
       0
       0
       0
       1
       0
       0
       0
       0
       0
       0
       0
       0
       0
       0
       0
       0
       0
       0
       0
       0
       0
       0
       0
       1
       0
       0
       0
       0
       0
       0
       0
       0
       0
       0
       1
       0
       0
       0
       0
       0
       0
       0
       0
       0
       0
       0
       0
       0
       1
       0
       0
       0
       0
       0
       0
       0
       0
       0
       0
       0
       0
       0
       0
       0
       0
       0
       0
       0
       0
       0
       0
       1
       0
       0
       0
       0
       0
       0
       0
       0
       0
       0
       1
       0
       0
       0
       0
       0
       0
       0
       0
       0
       0
       0
       0
       0
       0
       0
       0
       0
       0
       0
       0
       0
       0
       0
       0
       0
       0
       0
       0
       0
       0
       0
       0
       0
       0
       1
       0
       0
       0
       0
       0
       0
       0
       0
       0
       0
       0
       1
       0
       1
       0
       0
       0
       0
       0
       0
       0
       0
       0
       0
       0
       0
       0
       0
       0
       0
       0
       0
       0
       0
       0
       0
       0
       0
       0
       0
       0
       0
       0
       0
       0
       0
       0
       0
       0
       0
       0
       0
       0
       0
       0
       0
       0
       0
       0
       0
       0
       0
       0
       1
       0
       0
       0
       0
       0
       0
       0
       1
       0
       0
       0
       0
       0
       0
       0
       0
       0
       0
       0
       0
       1
       0
       0
       0
       0
       0
       0
       0
       1
       0
       0
       0
       0
       0
       0
       0
       0
       0
       0
       0
       0
       0
       0
       0
       0
       0
       0
       1
       0
       0
       0
       0
       0
       0
       0
       0
       0
       0
       0
       0
       0
       0
       0
       0
       0
       0
       0
       0
       0
       0
       0
       0
       0
       0
       0
       0
       0
       0
       0
       0
       0
       0
       1
       0
       0
       0
       1
       0
       1
       0
       0
       0
       0
       0
       0
       0
       0
       1
       0
       0
       0
       0
       0
       0
       0
       0
       0
       0
       0
       0
       0
       0
       0
       0
       0
       0
       0
       0
       0
       0
       0
       0
       0
       0
       0
       0
       0
       0
       0
       0
       0
       0
       0
       0
       0
       0
       0
       0
       0
       0
       0
       0
       0
       0
       0
       0
       0
       0
       1
       0
       0
       1
       0
       0
       0
       0
       0
       0
       0
       0
       1
       0
       0
       0
       0
       1
       0
       0
       0
       1
       0
       0
       0
       0
       0
       0
       0
       0
       1
       0
       0
       0
       0
       0
       0
       0
       0
       0
       0
       0
       0
       0
       1
       0
       0
       0
       0
       1
       0
       0
       0
       0
       0
       0
       0
       0
       0
       0
       0
       0
       0
       0
       0
       0
       0
       0
       0
       0
       0
       0
       0
       0
       0
       0
       0
       0
       0
       0
       0
       0
       0
       0
       0
       0
       0
       0
       0
       0
       0
       0
       0
       0
       0
       0
       0
       0
       0
       0
       0
       0
       0
       0
       0
       0
       0
       0
       0
       0
       0
       0
       0
       1
       0
       0
       0
       0
       0
       0
       0
       0
       0
       0
       0
       0
       0
       0
       0
       1
       0
       0
       1
       0
       0
       0
       0
       0
       1
       0
       0
       0
       0
       0
       0
       0
       0
       0
       0
       1
       0
       0
       0
       0
       0
       0
       0
       0
       0
       0
       0
       0
       0
       0
       0
       0
       0
       0
       0
       0
       0
       0
       0
       0
       0
       0
       1
       0
       0
       0
       0
       0
       0
       0
       0
       0
       0
       0
       0
       0
       0
       0
       0
       0
       0
       1
       0
       0
       0
       0
       0
       0
       0
       0
       0
       0
       0
       0
       0
       0
       0
       1
       0
       0
       0
       0
       0
       0
       0
       0
       0
       0
       0
       0
       0
       1
       0
       0
       0
       0
       0
       0
       0
       0
       0
       0
       0
       0
       0
       0
       0
       0
       0
       0
       0
       0
       0
       0
       0
       0
       0
       0
       0
       0
       0
       0
       0
       0
       0
       0
       0
       1
       0
       0
       0
       0
       1
       0
       0
       0
       0
       0
       0
       0
       0
       0
       0
       0
       0
       0
       0
       0
       0
       0
       0
       0
       0
       0
       0
       0
       0
       0
       0
       0
       0
       0
       0
       0
       0
       0
       0
       0
       0
       0
       0
       0
       0
       0
       0
       0
       1
       0
       0
       0
       0
       0
       0
       0
       0
       0
       0
       0
       0
       0
       0
       0
       0
       0
       0
       0
       0
       0
       0
       0
       0
       0
       0
       0
       0
       0
       0
       0
       0
       0
       0
       0
       0
       0
       0
       0
       0
       0
       0
       0
       0
       0
       0
       0
       0
       0
       0
       0
       0
       0
       0
       0
       0
       0
       0
       0
       0
       0
       0
       0
       0
       0
       0
       0
       0
       0
       0
       0
       1
       0
       2
       0
       1
       0
       0
       0
       0
       0
       0
       0
       0
       1
       0
       0
       1
       0
       0
       0
       1
       1
       0
       0
       1
       0
       0
       0
       1
       0
       0
       0
       0
       0
       1
       1
       1
       0
       0
       0
       0
       0
       0
       0
       1
       0
       0
       0
       1
       0
       0
       1
       0
       1
       0
       1
       0
       0
       1
       1
       3
       0
       1
       0
       0
       0
       0
       0
       1
       1
       0
       0
       0
       0
       0
       0
       1
       0
       0
       0
       1
       0
       0
       0
       1
       2
       0
       0
       0
       0
       0
       0
       0
       0
       2
       0
       1
       0
       0
       0
       1
       1
       0
       0
       0
       1
       1
       0
       0
       0
       1
       0
       0
       0
       0
       0
       0
       0
       1
       0
       1
       0
       0
       0
       0
       0
       1
       0
       1
       0
       0
       0
       1
       1
       1
       1
       0
       0
       0
       1
       0
       0
       1
       0
       0
       0
       0
       0
       0
       1
       0
       0
       0
       0
       0
       1
       0
       1
       0
       0
       0
       0
       1
       0
       0
       0
       0
       0
       0
       0
       0
       0
       2
       0
       0
       0
       1
       0
       1
       1
       0
       1
       0
$ROI:
0
$PRESETS:
Real Time
3600
0
$ENER_FIT:
0.000000 0.374432
$MCA_CAL:
3
0.000000E+000 3.744323E-001 0.000000E+000 keV
$SHAPE_CAL:
3
6.617742E+000 0.000000E+000 0.000000E+000
