# MEAS_TIM: 2716 2736
       0
       0
       0
       0
       0
       0
       0
       0
       0
       0
       0
       0
       0
       0
       0
       0
       0
       0
       0
       0
       0
       0
       0
       0
       0
       0
       0
       0
       0
       0
       0
       0
       0
       0
       0
       0
       0
       0
       0
       0
       0
       0
       0
       0
       0
       0
       0
       0
       0
       1
      12
     151
     394
     351
     408
     338
     356
     329
     334
     306
     314
     364
     328
     319
     317
     301
     321
     327
     258
     281
     308
     275
     321
     310
     278
     292
     279
     278
     302
     276
     296
     283
     254
     303
     286
     282
     275
     236
     267
     243
     240
     223
     251
     231
     235
     264
     224
     250
     244
     256
     232
     233
     271
     241
     213
     223
     248
     227
     249
     232
     250
     249
     231
     240
     208
     218
     217
     212
     222
     216
     266
     230
     231
     215
     235
     221
     210
     236
     221
     204
     208
     210
     217
     201
     200
     238
     206
     208
     232
     197
     213
     195
     173
     192
     220
     205
     202
     205
     204
     193
     213
     223
     234
     203
     221
     183
     231
     206
     216
     215
     210
     213
     190
     185
     208
     226
     188
     197
     208
     179
     198
     177
     203
     203
     197
     166
     190
     195
     215
     187
     190
     221
     203
     172
     198
     202
     174
     215
     216
     210
     212
     190
     199
     190
     203
     221
     201
     214
     189
     204
     214
     191
     209
     239
     194
     192
     219
     222
     229
     238
     252
     274
     321
     299
     223
     228
     211
     232
     223
     221
     225
     262
     234
     243
     226
     239
     231
     243
     246
     243
     270
     242
     276
     267
     225
     252
     283
     242
     246
     269
     261
     266
     284
     295
     293
     304
     327
     319
     431
     640
     631
     542
     379
     293
     307
     448
     731
     930
     853
     495
     313
     267
     289
     305
     339
     352
     306
     256
     242
     293
     339
     277
     266
     238
     264
     240
     291
     287
     370
     391
     362
     302
     285
     287
     266
     275
     248
     298
     366
     474
     539
     465
     357
     311
     265
     273
     302
     308
     375
     354
     348
     283
     254
     247
     262
     352
     532
     667
     691
     531
     395
     281
     287
     309
     338
     332
     293
     239
     243
     198
     204
     240
     245
     250
     268
     291
     336
     340
     295
     249
     230
     241
     228
     218
     208
     219
     216
     212
     197
     206
     233
     223
     220
     202
     213
     215
     239
     240
     209
     236
     252
     234
     220
     224
     216
     237
     242
     252
     211
     204
     265
     217
     260
     236
     247
     230
     248
     272
     263
     239
     270
     245
     230
     257
     264
     273
     235
     248
     252
     263
     236
     245
     239
     236
     197
     234
     243
     244
     223
     225
     224
     218
     247
     248
     240
     207
     202
     223
     212
     241
     249
     237
     223
     219
     207
     220
     212
     197
     233
     239
     236
     212
     224
     251
     235
     250
     233
     230
     218
     238
     247
     231
     234
     209
     241
     243
     250
     228
     249
     245
     214
     210
     242
     249
     218
     232
     221
     232
     217
     255
     237
     231
     203
     230
     220
     226
     217
     251
     209
     204
     249
     236
     228
     245
     223
     243
     234
     233
     239
     231
     230
     223
     264
     218
     259
     230
     233
     217
     240
     244
     251
     259
     258
     277
     309
     305
     341
     239
     245
     217
     250
     226
     256
     250
     262
     214
     253
     252
     241
     227
     261
     251
     259
     228
     260
     245
     211
     228
     253
     224
     251
     245
     255
     225
     246
     224
     256
     254
     239
     277
     240
     248
     226
     232
     217
     216
     206
     220
     225
     233
     224
     219
     226
     220
     184
     216
     211
     202
     196
     221
     233
     192
     227
     215
     205
     207
     226
     248
     238
     225
     201
     230
     222
     213
     239
     187
     201
     200
     220
     214
     210
     183
     184
     197
     196
     200
     207
     230
     192
     212
     225
     216
     209
     206
     211
     208
     211
     201
     188
     223
     196
     215
     207
     202
     204
     208
     198
     215
     200
     225
     196
     215
     188
     226
     218
     178
     222
     208
     189
     190
     206
     191
     196
     228
     191
     231
     213
     206
     227
     203
     208
     197
     207
     201
     207
     196
     208
     208
     223
     360
     573
     837
     925
     768
     468
     331
     203
     213
     186
     183
     197
     199
     199
     179
     215
     178
     181
     182
     188
     180
     197
     193
     159
     173
     201
     185
     187
     190
     174
     164
     198
     189
     169
     210
     182
     175
     191
     174
     176
     158
     172
     156
     175
     189
     176
     166
     170
     153
     170
     183
     207
     204
     185
     168
     154
     155
     145
     144
     178
     145
     154
     161
     167
     194
     209
     171
     187
     169
     165
     184
     156
     144
     145
     149
     143
     162
     165
     156
     160
     174
     152
     175
     144
     169
     162
     156
     153
     160
     154
     155
     139
     166
     171
     161
     120
     140
     150
     164
     153
     154
     139
     165
     166
     137
     140
     157
     152
     134
     142
     124
     137
     142
     128
     125
     145
     158
     120
     137
     133
     150
     161
     135
     161
     136
     139
     124
     145
     145
     141
     113
     156
     121
     154
     133
     153
     136
     140
     138
     131
     138
     134
     153
     156
     144
     135
     133
     141
     144
     143
     129
     126
     154
     121
     138
     138
     148
     132
     129
     142
     140
     134
     139
     127
     183
     192
     198
     163
     129
     119
     137
     134
     117
     128
     151
     147
     131
     120
     121
     133
     138
     162
     202
     383
     681
     920
     798
     496
     237
     162
     130
     117
     121
     129
     107
     136
     120
     115
     117
     110
     124
     114
     100
     111
     114
     123
     126
     109
     127
     139
     114
     114
     126
     109
     124
      96
     135
     116
     127
     109
     114
     114
     115
     110
     130
     104
     115
      97
     132
     122
     133
     114
     162
     108
     129
     131
     119
     123
     115
     166
     146
     169
     139
     121
     109
     121
     102
     110
     114
     105
     109
     106
     112
      85
     117
     108
      86
      95
      97
     110
     117
     109
      97
     100
      95
     111
     112
     109
      91
     101
     122
      93
     125
     150
     149
     164
     128
     125
     128
     140
     124
     156
     158
     109
      95
      91
     120
      98
     118
     129
     123
     112
     138
     103
     106
     103
     109
      94
      93
      92
     109
      95
     109
     106
      93
      86
     105
      89
      81
      94
     102
     103
      97
     137
     110
     128
      99
      96
      98
      84
      98
      99
     107
      98
     103
     106
     105
     126
     113
     100
     110
      83
     106
      94
     115
      99
     101
     101
     105
      95
     106
     101
      91
     129
     111
      98
     100
     118
      94
      98
     105
      86
      90
      91
     110
     224
     507
    1072
    1683
    1686
    1157
     503
     199
     128
      91
      96
      97
      71
      88
      74
      88
     109
     100
     101
     109
     102
      85
      90
      77
      78
      86
      84
     101
      85
      85
      69
     102
      83
      84
      91
      67
      66
      72
      81
      67
      93
      70
      74
      63
      97
      93
      80
      94
      87
      88
      64
      88
      81
      86
      82
      78
      68
      62
      85
      86
      78
      64
      77
      74
      78
      96
      83
      89
      89
      71
      80
      82
      94
      84
      82
      75
      76
      81
      73
      97
      84
      65
      89
      80
      88
      67
      68
      78
      76
      79
      87
      74
     100
      76
      67
      78
      91
      88
      79
      86
      90
      78
      75
      80
      86
      63
      76
      69
      77
      89
      68
      74
      58
      72
      73
      69
      90
      77
      94
      83
      69
      70
      67
      69
      76
      91
      70
      90
      81
      91
      88
      87
      75
      83
      73
      80
      97
      75
      72
      85
      65
      80
      85
     102
      91
      88
      84
      73
      84
      67
      61
      77
      84
      62
      77
      69
      65
      77
      77
      96
      80
      77
      86
      63
      62
      87
      76
      77
      84
      93
      97
      71
      63
      71
      74
      67
      66
      94
      86
      99
      80
      77
      87
     104
     188
     468
    1127
    2124
    2712
    2384
    1311
     549
     196
     101
      63
      68
      78
      61
      74
      64
      69
      58
      62
      47
      65
      69
      64
      60
      59
      51
      59
      60
      44
      44
      48
      62
      54
      58
      59
      64
      54
      72
      48
      72
      54
      50
      49
      51
      46
      50
      49
      72
      60
      53
      47
      63
      65
      57
      53
      53
      76
      67
      57
      58
      57
      56
      60
      56
      78
      64
      62
      61
      61
      61
      61
      49
      52
      48
      42
      32
      65
      51
      65
      63
      49
      55
      44
      52
      51
      48
      49
      53
      55
      59
      63
      63
      59
      52
      71
      46
      49
      64
      62
      51
      50
      59
      68
      60
      61
      71
      58
      69
      65
      70
      47
      47
      67
      48
      61
      46
      71
      71
      83
      68
      63
      64
      66
      68
     104
      90
      74
      69
      62
      47
      60
      56
      50
      61
      59
      60
      57
      56
      57
      60
      64
      49
      48
      46
      66
      68
      54
      44
      71
      65
      60
      51
      67
      48
      57
      51
      50
      51
      61
      48
      52
      56
      47
      58
      53
      59
      65
      90
      79
      57
      56
      61
      67
      53
      60
      71
      70
      85
      78
      75
      70
      67
      55
      58
      59
      59
      45
      55
      45
      76
      61
      54
      58
      77
      54
      47
      52
      56
      43
      64
      53
      64
      68
      62
      58
      70
      50
      55
      50
      50
      58
      58
      55
      58
      57
      47
      53
      61
      50
      49
      51
      67
      58
      69
      55
      50
      62
      68
      63
      63
      54
      58
      53
      51
      47
      57
      52
      59
      69
      58
      63
      54
      52
      48
      44
      55
      57
      62
      49
      67
      56
      60
      48
      50
      53
      44
      60
      67
      52
      50
      45
      50
      38
      43
      50
      38
      60
      42
      51
      40
      37
      57
      46
      56
      38
      49
      39
      54
      36
      52
      40
      53
      35
      41
      47
      32
      41
      46
      49
      50
      36
      57
      50
      32
      36
      47
      48
      35
      35
      35
      30
      54
      35
      46
      32
      42
      36
      34
      43
      41
      48
      43
      54
      36
      43
      43
      38
      44
      34
      37
      37
      44
      48
      48
      38
      45
      38
      46
      32
      35
      31
      38
      38
      47
      45
      39
      40
      40
      44
      49
      61
      27
      39
      31
      31
      42
      38
      35
      46
      37
      32
      39
      44
      33
      39
      30
      36
      43
      44
      40
      47
      38
      54
      45
      43
      44
      42
      44
      34
      44
      40
      37
      38
      29
      34
      30
      35
      43
      53
      27
      39
      38
      43
      31
      28
      42
      31
      35
      44
      31
      43
      44
      33
      37
      33
      38
      34
      39
      47
      40
      32
      41
      39
      30
      39
      40
      35
      38
      36
      34
      36
      28
      43
      39
      29
      36
      23
      36
      30
      35
      34
      42
      42
      40
      41
      37
      33
      31
      26
      21
      30
      24
      33
      32
      34
      44
      26
      33
      39
      33
      36
      41
      48
      47
      52
      36
      34
      40
      45
      42
      42
      40
      35
      32
      32
      29
      32
      34
      19
      21
      43
      34
      31
      37
      28
      29
      39
      33
      31
      23
      33
      20
      24
      34
      37
      33
      25
      25
      33
      25
      26
      27
      31
      27
      34
      36
      22
      27
      29
      36
      41
      28
      29
      25
      22
      39
      23
      34
      27
      29
      34
      33
      31
      26
      29
      27
      37
      36
      27
      28
      33
      34
      34
      28
      33
      30
      50
      51
      46
      27
      50
      44
      35
      45
      45
      46
      28
      28
      40
      33
      31
      28
      38
      20
      24
      29
      36
      30
      29
      35
      25
      33
      27
      31
      27
      31
      35
      17
      38
      40
      32
      30
      35
      31
      34
      25
      28
      30
      31
      30
      31
      32
      29
      38
      33
      21
      29
      23
      32
      37
      35
      32
      32
      34
      37
      38
      33
      18
      28
      26
      20
      26
      32
      26
      28
      20
      26
      34
      26
      25
      31
      31
      26
      26
      29
      34
      33
      39
      32
      30
      38
      25
      23
      27
      31
      24
      37
      28
      34
      23
      27
      29
      28
      37
      35
      35
      28
      34
      26
      20
      32
      36
      27
      38
      28
      34
      24
      26
      36
      24
      32
      15
      27
      37
      26
      35
      26
      43
      24
      29
      27
      27
      39
      29
      25
      26
      32
      28
      32
      28
      25
      22
      31
      31
      33
      29
      30
      30
      25
      29
      23
      37
      20
      24
      33
      22
      32
      27
      23
      23
      32
      24
      20
      38
      24
      32
      19
      37
      35
      22
      21
      25
      29
      31
      28
      28
      17
      32
      28
      27
      30
      31
      38
      17
      28
      37
      29
      31
      17
      26
      25
      27
      28
      33
      23
      26
      20
      18
      24
      24
      31
      30
      24
      21
      22
      25
      21
      32
      24
      24
      21
      35
      23
      36
      24
      25
      27
      28
      22
      29
      35
      31
      22
      31
      33
      21
      16
      23
      29
      21
      23
      32
      26
      21
      25
      25
      33
      53
      40
      29
      36
      30
      30
      21
      27
      28
      35
      29
      18
      23
      22
      31
      24
      33
      33
      27
      26
      31
      21
      15
      19
      26
      28
      24
      26
      22
      31
      24
      22
      33
      20
      21
      19
      28
      19
      29
      17
      27
      31
      22
      22
      29
      15
      29
      17
      23
      18
      26
      18
      22
      31
      23
      25
      21
      27
      20
      25
      28
      29
      23
      23
      24
      33
      20
      31
      22
      24
      26
      22
      22
      26
      22
      19
      21
      15
      24
      18
      17
      24
      19
      20
      22
      29
      35
      22
      18
      26
      45
     108
     326
     739
    1244
    1634
    1699
    1240
     735
     278
     107
      43
      23
      25
      26
      21
      19
      22
      21
      10
      24
      27
      14
      26
      26
      25
      20
      17
      25
      24
      21
      19
      19
      15
      19
      25
      24
      16
      18
      16
      13
      18
      19
      21
      16
      29
      23
      21
      19
      20
      14
      14
      27
      18
      20
      12
      19
      17
      17
      18
      19
      22
      21
      20
      19
      13
      18
      20
      18
      11
      20
      17
      21
      17
      13
      19
      18
      16
      17
      18
      14
      13
      17
      23
      15
      17
      21
      16
      16
      14
      22
      14
      19
      13
      21
      15
      15
      20
      16
      12
      17
      22
      18
      18
      18
      13
      15
      25
      19
      11
      21
      15
      20
      17
      18
      19
      21
      16
      21
      19
      14
      17
      13
      16
      22
      18
      13
      22
      15
      16
      15
      18
      23
      13
      12
      21
      26
      22
      17
      12
      16
      18
      15
      24
      19
      21
      15
      22
      17
      15
      19
      18
      17
      17
      16
      20
      14
      17
      22
      19
      21
      17
      17
      16
      23
      13
      25
      11
      10
      18
      13
      13
      19
      18
      23
      15
      13
      21
      14
      17
      19
      14
      14
      18
      22
      30
      28
      56
      84
      47
      54
      40
      24
      18
      15
      14
      18
      22
      12
      13
      27
      15
      19
      13
      17
      13
      17
      13
      14
      11
      19
      22
      19
      14
      16
      13
      19
      15
      16
      25
      14
      13
      18
      14
      14
      17
      16
      19
      14
      18
      18
      17
      16
      16
      13
      18
      23
      16
       8
      10
      17
      17
       9
      18
      19
      20
      23
      19
      16
      19
      22
      23
      11
      18
      14
      15
      16
      16
      17
      18
      16
      24
      13
      19
      12
      17
      12
      25
      14
      22
      13
      15
      22
      19
      18
      18
      15
      13
      12
      22
      16
      21
      20
      19
      11
      16
      18
      11
      18
      17
      15
      14
      14
      18
      17
      10
      15
      13
      13
      17
      21
      24
      21
      21
      16
      11
      25
      12
      20
      33
      33
      41
      27
      16
      21
      18
      20
      19
      25
      21
      16
      18
       7
      22
      18
      23
      22
      17
      21
      19
      25
      20
      17
      22
      17
      20
      30
      20
      14
      11
      18
      16
      11
      18
      14
      15
      21
      23
      21
      16
      12
      17
      12
      21
      23
      12
      18
      28
      15
      10
      17
      13
      26
      28
      19
      26
      25
      31
      17
      23
      15
      20
      11
      18
      20
      18
      21
      12
      17
      22
      16
      15
      13
      16
      18
      19
      11
      19
      21
      16
      14
      18
      20
      14
      19
      12
      20
      13
      14
      20
      24
      19
      15
      18
      15
      25
      18
      13
      25
      16
      19
      13
      13
      15
      12
      17
      21
      11
      13
      15
       9
      16
      25
      19
      13
      21
      16
      18
      13
      14
      10
      10
      13
      17
      13
      21
      14
      16
      20
      24
      27
      28
      24
      21
      17
      13
      17
       9
      17
      17
      13
      29
      19
      11
      12
      16
      21
      17
      16
      17
      13
      18
      14
      19
      15
      13
       9
      14
      18
      14
      20
      14
      17
      24
      23
      11
      23
      13
      18
      12
      15
      12
      20
      11
      22
      13
      24
      13
      13
      20
      20
      16
      13
      12
      17
      13
      17
      15
      16
      23
      18
      12
      18
      15
      11
      10
      23
      10
      16
      17
      17
      11
      16
      20
      18
      32
      36
      30
      33
      40
      38
      70
     137
     122
     163
     129
      83
      57
      36
      18
      18
      16
      16
      22
      16
      23
      11
      19
      12
      15
      13
      17
      19
      18
      16
      17
      14
      17
      20
       7
      15
      16
      15
      21
      20
      16
      15
      13
      12
      14
      16
      14
      13
      17
      17
      20
      14
      25
      14
      14
      15
      19
      21
      16
      14
       7
      13
      23
      30
      36
      46
      54
      41
      34
      35
      21
      18
      17
      15
      21
      17
      18
      10
      16
      13
      16
      20
      13
      12
       9
      14
      19
      15
      18
      11
      10
      13
      16
      20
      12
      20
       8
       7
      18
      18
      14
      17
      17
      14
      19
      12
      17
      11
      17
      14
      21
      23
      18
      17
      22
      11
      15
      17
      13
      12
      21
      11
      20
      19
      12
      16
      10
      15
      22
      25
      28
      50
      54
      29
      33
      29
      19
      16
      17
      19
      21
      14
      16
      12
      19
      14
       7
      21
      18
      10
      22
      15
      14
      14
      10
      13
      15
      16
      23
      14
      15
      12
       8
      15
      20
      24
      16
      15
      13
      16
      12
      15
      22
      15
      16
      14
      11
      15
      14
      14
      21
      16
      29
      16
      22
      12
      14
      17
      22
      15
      15
      16
      15
      18
      17
      14
      23
      14
      25
      25
      16
      12
      16
      16
      22
      21
      16
      16
      15
      15
      11
      19
      16
      23
      21
      21
      17
      20
      22
      23
      12
      19
      12
      23
      18
      12
       7
      11
      18
      11
      13
      10
      12
      12
       6
      19
      30
      26
      31
      40
      23
      19
      23
      19
      12
      22
      17
      13
      11
      13
      16
      15
      13
      14
      11
      13
      24
       9
      21
      15
      11
      12
      21
      17
      15
      17
      18
      14
      14
      14
      17
      18
      16
      16
      17
      16
      16
      17
       8
      15
      15
      16
       8
      18
      12
      18
      20
      22
       8
      14
      16
      20
      21
      20
      19
      16
      13
      21
      20
      17
      17
      13
      16
      16
      10
      19
      18
      14
      16
      15
      13
      21
      13
      17
      17
      19
      14
      12
      13
      15
      15
      16
      12
      10
      17
       8
      10
      16
      21
      16
      10
      13
      25
      13
      16
      17
      17
      17
      17
      11
      12
      12
      23
      19
      23
      13
      17
       8
      24
      20
      10
       7
      23
      17
      21
      21
       9
      17
      17
      15
      16
      16
      17
      13
      16
      15
      17
      20
      20
      14
      21
      10
      15
      17
      24
      20
      19
      17
      13
      23
      15
      13
      14
      16
      10
      16
      17
      12
      15
      14
      17
      28
      15
      15
      19
       9
      20
      12
      12
      19
      21
      10
      19
      17
      10
      21
      14
      16
      23
      31
      29
      18
      12
      17
      16
      20
      21
      19
      13
      21
      13
      16
      12
      19
      19
      16
      16
      15
      15
      14
      17
      14
      12
      22
      14
      15
      16
      23
      18
      10
      15
      17
      17
      17
      18
      21
      23
      15
      13
      15
      14
      22
      14
      18
      13
      18
      21
      14
      13
       9
      14
      15
      10
      18
      14
      18
      17
      12
      11
      21
      20
      18
      11
      16
      17
      22
      14
      25
      16
      13
      22
       9
      14
      20
      16
      18
      16
      22
      16
      17
      12
      22
      13
      19
      12
      14
      15
      11
      12
      22
      14
      18
      12
      16
      12
      14
      13
      21
      12
      13
      13
      12
      14
      12
      11
      20
      15
      17
      11
      16
      14
      17
      16
      15
      17
      21
      13
      14
      14
       6
       9
      13
      15
      18
      15
       9
      15
      11
      17
       9
      11
      16
      14
      17
      23
      38
      53
      55
      85
      71
      60
      44
      41
      20
      15
      13
      17
      14
      12
       5
       9
      15
      11
      13
      14
      15
      12
      16
      15
       7
      20
      14
      13
      21
      11
      10
      15
      13
      21
       9
      14
      14
      10
      16
      10
      15
      22
      14
      13
      14
      15
      19
       6
      12
      12
      12
       7
      15
      14
      13
      13
      13
      10
       6
      10
      10
      17
      16
      14
      17
      11
      21
      13
      15
      11
      11
       5
      16
      14
       6
       8
       7
       5
      12
      13
      16
      11
      13
      21
       8
       6
       9
       8
      12
       9
       8
      14
       6
      10
      14
      14
      15
      20
      11
      13
      22
      19
      17
      14
      19
      19
       8
      11
      12
      12
       9
      12
      10
      17
       7
      11
      19
      17
       5
      11
      17
      11
      15
      12
       9
       7
      18
      12
       7
      20
      10
      14
      14
      14
       9
      12
      18
      15
      17
       9
       7
       8
       7
      14
      16
      11
      11
      16
      12
      13
      12
      14
      13
      16
      13
      15
       9
      11
      13
      15
      12
       9
       8
      15
       9
       7
      10
      10
      18
       8
      12
      14
       8
       9
      16
      10
       5
      12
      15
       8
      19
      18
       5
      13
      13
      10
      21
      10
      14
      20
       9
       8
      14
      12
      15
      14
       9
      15
       4
      10
      18
      13
      12
      19
      11
       8
      11
       8
      17
       7
       8
      18
       9
      12
      16
      15
       8
       9
      16
      17
      17
      37
      27
      21
      39
      19
      13
      10
       8
      10
      12
       8
      11
       8
      19
      14
      13
      13
       9
      13
       6
      12
      11
       6
      14
      16
      13
      11
       7
       9
      12
       7
      11
      15
      18
      13
      17
       9
      13
      11
      16
      12
       9
      15
       7
      12
      16
      14
       7
      11
      13
      14
      12
      14
      18
      10
      15
      10
       8
      21
       7
      12
       5
      10
      16
      15
      11
      24
       4
       5
       9
      10
      15
       9
      14
      14
       8
      16
       8
       9
       9
      14
       8
      12
      10
      14
      10
      13
      13
      17
      14
      13
      10
      11
       7
      11
      13
      11
      12
       7
      12
      19
       9
      13
      15
      11
       6
      19
      11
      13
      12
       8
      16
      10
      14
      12
       2
       7
      10
      13
      12
       8
      10
      14
       7
       8
      14
       7
      10
       5
       9
      13
       8
       7
      10
      11
       9
      13
       9
       9
      10
      14
      10
      11
      13
       7
      10
      17
       9
       9
      10
       8
      17
       7
      12
       5
      11
      10
      15
       9
       8
      10
       5
      11
      17
      17
       9
      18
      16
      11
      12
      12
      10
      14
       4
      12
       3
       7
      13
      17
      13
      15
       7
      14
      16
      15
      11
      16
      11
      16
      11
       6
      16
       9
      11
       6
      12
      12
      10
       8
       8
      14
      11
      11
       9
      17
      13
      15
       6
      16
      16
      14
      11
      10
       9
       8
      13
      11
      10
       7
       9
       9
       8
       8
      12
       8
      12
       9
       7
      15
      10
       9
       7
      13
      15
       8
       7
       6
      15
       8
       8
       7
       8
       5
       6
      14
       9
      16
      11
       7
      11
       7
      12
       7
       9
      14
      11
       9
       9
       7
       4
      12
       7
      12
      12
       9
       6
       7
       4
       5
      12
      13
      10
      10
       7
       5
      12
       4
      15
      11
       6
      10
      12
       7
      10
      14
      13
       8
      10
       8
       7
       9
       9
      13
       5
      10
      12
      13
       5
       9
      16
      16
       4
       7
      12
      10
       6
       8
       7
       7
      11
       9
      10
      11
      10
       9
      10
      10
       6
       7
      10
       6
      12
       9
       8
       9
      10
       9
       9
      13
      10
       6
      15
      12
      13
       8
       9
       8
      10
       7
      15
      11
      10
       5
       9
       6
       8
       9
       9
       6
       4
       5
      14
      11
      12
       9
       8
      10
      15
      10
      12
       6
       6
       5
      10
       8
       7
      10
      10
       8
      13
      11
      12
       9
       6
      11
       9
      11
       6
      12
      11
       5
      10
      16
      18
      32
      64
     121
     165
     255
     279
     262
     200
     146
      67
      48
      13
      15
      14
      11
       7
      13
       5
      11
       9
       9
       9
       6
      14
      13
       8
       9
       8
      10
       8
      11
       8
       7
       9
      11
       5
      17
      16
       9
       6
      13
       6
       7
      14
       4
      14
       8
      14
      12
      18
       9
      11
      10
       9
       6
       9
       8
       9
       5
      10
      10
       7
      11
      13
       8
       7
      10
       8
       9
       9
       9
       7
      11
       9
      12
       5
      16
      12
      14
       9
       8
      18
       9
       7
       6
       5
      10
      12
       9
      12
       1
       7
      12
       7
      12
       6
       8
      10
      10
       7
       6
      10
      12
       6
      10
       5
       9
       8
       8
       6
       9
       9
      11
       6
      12
      14
      26
      23
      26
      44
      39
      32
      26
      20
      10
      12
       8
       9
       8
      10
      11
      10
      11
       8
       9
       5
       6
       5
       8
       4
       9
       7
       6
      10
       8
       5
       8
       6
      10
      12
      10
       7
      12
       5
       7
      12
      11
      12
      11
       9
       7
       8
       7
       8
       7
       9
       8
      14
      11
       7
      10
      12
       7
       6
       7
       5
      10
      13
       6
      14
       7
      11
       5
       5
       7
      11
      10
       7
       4
       7
       7
       6
       6
       9
      11
      11
       8
       6
       8
       8
      10
       7
       6
       7
      14
       7
      16
      12
      15
       8
       9
       8
      15
       7
       8
       5
       7
       8
       7
      10
       7
       7
      11
       7
       6
       9
       4
       9
      11
       7
      12
       9
      12
       6
       5
       9
       4
       6
       8
       6
      12
      11
      12
       9
       5
       3
       5
       5
       6
       6
       5
       5
       8
       5
      10
      10
       9
       5
      10
      11
       6
      12
      10
       7
       7
      10
      11
       6
       5
       6
       3
       4
      10
       7
       5
       7
       7
       3
       2
       9
      10
       3
       9
      15
       8
      16
      12
      15
      12
       9
      18
      10
      16
      20
       3
       9
       3
       7
       9
      10
       5
       9
       7
      13
       7
      10
      10
      10
       7
       8
       5
       7
      10
       4
       9
       8
       5
      10
       5
      11
       7
       7
      10
       8
      10
       8
      10
       7
       7
      10
      10
       4
       7
       4
       3
       8
      12
       8
       5
       8
       6
       3
       6
       2
       8
       6
       9
       5
       5
       7
       6
       4
       4
       2
       8
      11
      13
       7
       9
       7
       5
       9
       4
      11
       2
       8
       7
       5
       9
       7
       8
       4
      11
       5
      11
       6
       6
       3
       5
       6
       4
       9
       5
      13
      11
      37
      44
      68
     101
      81
      97
      90
      45
      20
      14
       9
       7
       7
       5
       4
       7
       2
       6
      12
      10
       6
       7
       9
       1
       7
       5
       9
       6
       4
       8
       2
       2
       5
       4
       9
       3
       5
       6
       6
      13
       7
      11
       5
       7
      10
       4
       5
       8
       7
       8
      10
      12
      13
       5
      10
      14
       4
       8
      15
       6
      12
       9
      10
       3
       7
       6
       8
       6
       9
       7
       4
       9
       8
       7
       8
      10
      13
       3
       9
       8
       8
       6
       6
       9
      11
       6
       4
       8
       3
       6
       6
       1
       7
       5
       9
       8
       6
       4
       7
       9
       9
       4
       9
      10
       7
       6
       9
       7
       4
       9
       5
       2
       7
       5
       7
       6
      11
       8
       3
       3
      10
       7
       5
       6
       5
      10
       5
       3
      10
       9
       7
      10
       9
       5
       6
       9
       7
      10
       9
      14
       8
      16
      28
      31
      24
      28
      19
      20
      17
       7
       9
       5
       7
       6
      10
       7
       9
       4
       8
       7
       8
       3
       9
       4
       9
       7
       8
       3
       6
       5
       7
       8
       4
       2
      12
       3
       7
       2
       6
       5
       8
       7
       7
       5
      13
       3
       6
       4
       5
       6
       4
       6
       9
       8
       3
       6
       8
       9
       4
       4
       3
       7
       6
       6
       5
       4
       9
       8
       4
       5
       6
       6
       2
       2
      13
       3
       7
       6
      12
       3
       7
      10
      15
       6
       4
       6
       6
       8
       7
       6
       3
       7
       6
      12
      10
       8
      10
       9
       9
      11
       7
       6
       9
       4
       1
       1
       7
       3
       6
       4
       6
       4
       5
       7
       8
      10
       4
      12
       4
       8
      10
       6
       8
       7
       5
       0
       3
       6
       7
      11
       9
       4
       5
       4
       5
       6
       3
       6
       6
       4
       7
       6
      13
       5
       4
       5
       1
       5
      13
       9
       5
       6
       7
       3
       6
       4
       4
       6
       9
       3
       7
       5
       8
       9
       7
       6
       6
       4
       7
       2
       9
      13
       6
       7
       6
      11
       5
       5
       7
       8
       8
       7
       9
       7
       6
       9
       7
       8
       4
       5
      10
       7
       4
       6
       7
       7
       9
       5
       6
       6
       2
       8
       6
      11
       8
       7
       9
      11
       6
      10
       3
       6
       5
       3
       2
       7
       2
       4
       4
       3
       6
       9
      10
       3
       4
       5
      12
       2
       4
       4
       6
       6
       7
       5
       4
       3
       3
       6
       6
       8
      13
       8
       7
      11
       3
       5
       8
       5
       5
       5
       5
       2
       2
       9
       8
       7
       4
       8
       5
       3
       7
       3
       6
       4
       7
       2
       5
       5
       7
       6
       7
      10
      10
       7
       7
       2
       6
       5
       4
       5
       7
       8
       8
       6
       5
       7
       4
      13
       3
       7
       5
      11
       7
       4
      12
       9
       3
       6
       9
       3
       6
       5
       6
       7
      10
       4
       3
       3
       4
       5
       4
       4
       6
       9
      16
      26
      36
      58
      79
      66
      59
      40
      30
      20
      15
       5
      10
       7
       8
       7
       7
       7
       3
       7
       6
       8
       6
       5
       9
      10
      10
      22
      11
      11
      15
      19
      12
      16
       7
      13
       7
       3
       3
       6
       9
       5
       5
      11
      10
       7
       4
       3
       5
       6
       8
       6
       7
       9
       6
       6
       2
       7
       6
       7
       5
       4
       7
       4
       7
       3
       7
       9
       3
       4
       5
       5
       7
       8
       1
       6
       3
       6
       9
       9
      16
      17
      23
      32
      21
      15
      15
       7
       9
      10
       4
       9
       6
       8
      10
       4
       5
       8
      10
       9
      20
      32
      34
      36
      47
      31
      24
      18
      10
       8
       8
       5
       7
       6
       7
       4
      11
       5
       7
      10
       4
       8
       9
       8
      10
       7
       5
      10
       4
       9
       8
      12
       6
       5
       4
       5
       5
      10
       6
      11
       6
       2
       8
      10
       7
       7
       5
       3
      10
       7
       8
       8
       3
       6
      10
       5
       8
       8
       7
       3
       8
       9
       6
      10
      10
       8
       8
       4
       7
       6
       5
       5
       4
       7
       4
       7
       5
       4
       7
       1
       8
       9
       8
       3
       5
       3
       8
      11
       4
       7
      11
       6
       6
       4
       8
       6
       4
       8
      11
       8
       8
       3
       8
       6
       6
       3
       5
       5
      12
       2
       7
      11
       4
       6
       3
      11
       6
       8
      13
       6
       8
       3
       5
       7
       6
       6
       2
       9
       9
       9
       6
       6
       3
       8
       7
       5
       8
       7
       4
       7
       7
       3
       9
       7
       4
       9
       6
       6
       5
       8
       5
       7
       6
       6
       4
       6
       8
       7
      11
       9
       4
       4
       5
       7
       6
       8
      11
       9
      11
       6
       6
       8
       9
       9
      14
      22
      21
      10
       5
      14
       7
       5
       5
       4
       6
       5
       4
       7
      15
       4
       4
       3
       8
       6
      10
       4
       8
       9
       8
       7
       4
       5
       5
       7
       8
       9
       6
       9
      10
       6
       6
       5
       7
       8
      10
       6
       4
      12
       4
       6
       5
       9
       4
       5
       5
       8
       3
       8
       6
      13
       2
       5
       7
       6
       6
       4
       5
      10
       4
       6
       8
       3
       6
       1
       9
      10
       5
       3
       4
       5
       6
       1
      11
       4
       4
       3
       7
       5
       5
       5
       7
       6
       1
      16
       8
       7
       5
       4
      10
       7
       8
      13
       6
       6
       8
       4
      10
       3
       2
       7
       6
       4
       8
       8
       8
      13
      10
       6
       2
       8
       6
       6
       8
       9
      13
       4
       2
       8
       8
      10
       7
       2
       8
       6
       6
       5
       5
       4
       8
       4
       8
       9
       6
       5
       5
       8
       6
       5
       7
       2
       7
      11
      12
       8
      11
       4
       4
      11
       9
      21
      19
      23
      35
      44
      37
      29
      21
      18
      13
      11
      10
       7
      10
       9
       6
       2
      12
       5
       7
       7
       5
       7
       9
       5
      10
       7
       6
       7
       9
       4
       7
       3
      11
       9
       8
      12
       9
       7
      10
      12
       1
       3
      11
       9
       6
      10
       6
       9
       5
       6
       9
       7
      10
       7
       6
       4
       5
       6
       6
       6
       7
       7
       9
       5
      13
       8
       9
       5
       8
       8
       6
      11
       7
       7
       8
       6
       4
       5
       4
      10
       5
       8
      13
       7
      12
       7
      10
      13
      15
       5
      10
       1
       3
       5
       4
      10
      16
      12
       9
      12
      11
       5
       8
       7
       6
       5
       7
       3
       6
       4
      11
       8
       9
       7
       6
       6
       8
      14
       8
       9
       8
       5
       4
       5
       6
       5
       5
       6
       9
       2
       3
       3
       9
       5
       3
       4
       8
       5
       5
       5
       4
       6
       3
       4
       7
       3
       5
       6
       3
       6
       7
       4
       9
       4
       1
       6
       5
       4
       6
       3
       6
       4
       7
      13
       7
       9
       6
       5
      11
       6
       8
       3
       2
       5
       4
       4
       5
       6
       5
       5
       3
       5
       3
       6
       4
       2
       1
       3
       3
       5
       2
       4
       6
       6
       7
       4
       4
       5
       4
       6
       9
       7
       1
       3
       6
       5
       5
       6
       6
      11
       4
       7
       7
       3
       5
       5
       5
       5
       4
       1
       8
       4
       6
       5
       6
       7
       2
       2
       6
       3
       4
       5
       2
       4
       4
       4
       9
       4
       7
       3
       6
       9
       9
       5
      12
      15
      10
      10
       4
       5
       8
       4
       2
       0
       6
       6
       3
       2
       3
       6
       1
       6
       4
       7
       3
       3
       4
       6
       3
       3
       5
       5
       4
       5
       5
       7
       7
       6
       6
       6
       5
       6
       9
       4
       8
       7
       7
       1
       4
       9
       8
       6
       7
       9
       4
       6
      10
       5
       6
       6
       7
       4
      10
       2
       3
       6
       9
       6
       2
       5
       6
       4
       4
       2
       4
       1
       3
       6
       7
       6
       2
       6
       6
       3
       4
       2
       5
       6
       5
       2
       6
       8
       7
       1
       2
       4
       3
       5
       3
       2
       4
       3
       5
       0
       1
       5
       5
       5
       6
       1
       2
       3
       3
       5
       6
       5
       4
       4
       6
      10
       7
       4
       7
       4
       2
       9
       2
       6
       3
       3
       3
       7
       5
       6
       5
       3
       2
       3
       3
       3
       2
       1
       4
       5
       2
       4
       9
       4
       6
       0
       3
       3
       2
       2
       1
       1
       2
       7
       6
       4
       0
       5
       3
       4
       1
       2
       0
       1
       4
       4
       1
       4
       1
       7
       5
       2
       1
       2
       3
       2
       2
       1
       3
       2
       6
       0
       6
       4
       3
       1
       3
       4
       2
       3
       4
       4
       1
       1
       0
       4
       4
       3
       4
       4
       1
       4
       2
       1
       0
       2
       3
       4
       3
       6
       4
       3
       2
       3
       1
       1
       3
       1
       1
       1
       0
       4
       3
       0
       1
       2
       3
       3
       3
       4
       2
       4
       2
       4
       5
       0
       2
       3
       2
       5
       2
       1
       3
       2
       6
       5
       1
       1
       1
       3
       9
       7
      15
      13
      13
       9
      12
      12
       4
       4
       5
       5
       2
       3
       4
       1
       4
       1
       4
       2
       1
       0
       6
       3
       1
       0
       3
       0
       3
       0
       2
       0
       1
       5
       2
       3
       1
       2
       1
       3
       0
       2
       3
       5
       1
       3
       1
       2
       1
       1
       1
       1
       5
       1
       1
       1
       1
       2
       5
       3
       2
       1
       2
       2
       0
       2
       4
       6
       1
       3
       3
       0
       3
       2
       2
       7
       1
       5
       8
       5
       3
       4
       7
       3
       2
       4
       3
       4
       3
       3
       3
       2
       0
       2
       1
       2
       2
       1
       0
       5
       2
       6
       4
       4
       2
       3
       6
       2
       8
       7
       9
       3
       0
       5
       3
       3
       5
       2
       4
       1
       5
       4
       3
       1
       0
       0
       1
       1
       2
       1
       3
       3
       1
       2
       4
       1
       0
       2
       3
       3
       2
       2
       0
       2
       3
       1
       3
       5
       0
       1
       2
       1
       3
       1
       0
       3
       3
       1
       3
       2
       3
       2
       2
       1
       1
       5
       2
       1
       4
       0
       0
       2
       1
       1
       2
       3
       1
       1
       3
       2
       1
       3
       2
       2
       0
       7
       3
       2
       1
       2
       2
       0
       0
       0
       1
       2
       1
       1
       0
       1
       0
       3
       2
       1
       1
       2
       1
       2
       3
       3
       3
       0
       3
       0
       1
       1
       0
       2
       1
       4
       3
       1
       6
      11
      18
      39
      28
      30
      40
      33
      25
       7
       6
       7
       3
       1
       3
       2
       1
       2
       2
       4
       1
       1
       1
       1
       0
       3
       2
       1
       3
       2
       0
       0
       2
       1
       3
       4
       3
       1
       2
       1
       2
       3
       4
       1
       3
       1
       4
       2
       3
       4
       2
       0
       0
       2
       1
       0
       0
       2
       1
       3
       1
       0
       1
       0
       2
       4
       2
       1
       4
       6
       3
       2
       1
       4
       0
       0
       1
       0
       3
       2
       2
       0
       1
       1
       2
       2
       1
       1
       2
       2
       1
       4
       2
       3
       2
       2
       0
       2
       0
       3
       0
       2
       2
       2
       2
       2
       0
       4
       1
       5
       3
       4
       9
      18
      38
      68
     125
     127
     168
     171
     139
     107
      93
      47
      21
      15
       8
       5
       1
       0
       2
       1
       0
       0
       4
       0
       2
       0
       2
       3
       0
       3
       1
       2
       0
       2
       0
       1
       3
       1
       1
       2
       0
       0
       1
       1
       1
       0
       3
       2
       2
       1
       1
       1
       2
       0
       0
       4
       2
       1
       1
       5
       2
       1
       2
       2
       2
       2
       1
       2
       3
       1
       3
       1
       1
       1
       0
       0
       1
       0
       0
       0
       1
       0
       4
       3
       1
       1
       1
       0
       0
       2
       2
       2
       0
       1
       1
       0
       0
       3
       2
       2
       2
       0
       4
       1
       1
       3
       2
       3
       1
       0
       1
       0
       0
       2
       1
       2
       0
       3
       3
       0
       0
       3
       1
       2
       1
       2
       2
       0
       2
       2
       2
       2
       0
       1
       1
       2
       2
       3
       3
       3
       0
       2
       0
       3
       1
       1
       1
       3
       1
       3
       2
       2
       1
       0
       2
       0
       2
       1
       3
       2
       1
       3
       0
       3
       1
       2
       1
       1
       1
       0
       1
       4
       3
       2
       1
       0
       1
       0
       2
       2
       0
       1
       2
       1
       1
       1
       5
       1
       1
       4
       2
       2
       1
       1
       0
       1
       1
       5
       1
       2
       1
       2
       1
       1
       0
       1
       1
       0
       6
       1
       3
       0
       3
       1
       0
       0
       2
       1
       0
       1
       1
       1
       1
       3
       1
       1
       1
       3
       2
       2
       2
       1
       1
       2
       3
       1
       1
       1
       2
       3
       2
       1
       4
       0
       1
       1
       4
       2
       6
       4
       6
       4
       1
       2
       2
       2
       2
       1
       1
       1
       5
       4
       2
       2
       1
       0
       3
       3
       1
       2
       3
       5
      10
      13
      16
      17
      22
      26
      19
      20
      13
       8
       4
       1
       1
       1
       5
       0
       1
       1
       0
       1
       1
       3
       1
       0
       2
       6
       2
       1
       0
       1
       1
       1
       2
       2
       1
       2
       1
       3
       1
       3
       0
       1
       1
       1
       3
       2
       0
       3
       3
       0
       4
       2
       1
       1
       1
       0
       3
       2
       1
       1
       2
       3
       4
       0
       0
       1
       2
       1
       2
       3
       1
       0
       2
       1
       0
       1
       2
       2
       0
       3
       1
       3
       2
       0
       3
       1
       4
       3
       4
       3
       3
       5
       1
       2
       0
       2
       0
       0
       3
       1
       3
       3
       0
       0
       1
       1
       2
       3
       2
       3
       0
       2
       2
       0
       2
       0
       1
       1
       1
       3
       0
       1
       1
       2
       1
       0
       4
       1
       1
       1
       1
       2
       3
       1
       2
       0
       2
       0
       2
       1
       3
       3
       0
       1
       5
       0
       3
       2
       0
       1
       1
       2
       2
       1
       3
       5
       2
       2
       0
       1
       3
       3
       3
       2
       1
       1
       4
       2
       4
       1
       1
       1
       4
       0
       1
       2
       2
       1
       2
       2
       2
       2
       0
       2
       1
       2
       0
       2
       2
       2
       3
       0
       1
       0
       0
       2
       4
       3
       2
       4
       1
       1
       1
       2
       3
       2
       2
       1
       0
       0
       8
       1
       1
       1
       1
       3
       0
       0
       2
       1
       1
       0
       1
       5
       0
       0
       1
       1
       1
       3
       0
       1
       1
       0
       1
       3
       4
       3
       1
       3
       2
       0
       1
       1
       0
       3
       1
       1
       4
       0
       2
       2
       2
       2
       1
       0
       1
       2
       0
       2
       3
       1
       0
       4
       2
       4
       0
       0
       1
       1
       2
       0
       2
       1
       2
       2
       2
       1
       1
       2
       2
       1
       2
       3
       0
       2
       3
       2
       2
       5
       1
       3
       5
       3
       1
       3
       3
       5
       4
       5
       4
       2
       2
       3
       2
       2
       1
       2
       0
       2
       1
       1
       0
       2
       2
       0
       0
       2
       2
       0
       0
       1
       1
       4
       1
       2
       1
       0
       0
       0
       1
       1
       0
       1
       1
       2
       1
       1
       1
       2
       1
       2
       1
       2
       0
       3
       1
       0
       1
       2
       0
       4
       1
       2
       2
       3
       2
       1
       1
       1
       2
       1
       2
       1
       1
       2
       3
       1
       1
       3
       0
       3
       0
       1
       1
       1
       0
       2
       0
       0
       3
       1
       1
       1
       3
       2
       2
       1
       0
       0
       1
       1
       2
       1
       2
       1
       5
       3
       2
       4
       1
       0
       2
       2
       0
       2
       0
       0
       1
       3
       1
       1
       1
       0
       1
       1
       0
       1
       2
       1
       0
       3
       1
       2
       3
       1
       2
       0
       1
       0
       1
       0
       1
       0
       3
       0
       2
       0
       2
       0
       1
       1
       2
       0
       2
       1
       0
       0
       0
       0
       1
       3
       0
       0
       0
       1
       1
       1
       2
       2
       1
       0
       0
       3
       2
       1
       3
       2
       0
       2
       2
       1
       1
       2
       1
       0
       0
       1
       1
       1
       1
       0
       1
       2
       0
       1
       1
       3
       0
       2
       0
       0
       1
       1
       2
       0
       1
       0
       1
       1
       1
       1
       0
       4
       0
       1
       1
       5
       3
       1
       0
       1
       1
       0
       0
       4
       3
       3
       2
       1
       0
       1
       2
       0
       3
       0
       2
       3
       2
       2
       3
       0
       2
       1
       1
       0
       4
       3
       1
       2
       1
       0
       0
       1
       1
       1
       1
       0
       1
       3
       1
       2
       2
       1
       1
       1
       1
       1
       2
       4
       0
       2
       1
       0
       1
       1
       0
       0
       1
       2
       0
       1
       1
       1
       0
       1
       3
       0
       2
       0
       0
       2
       1
       1
       1
       0
       0
       0
       0
       1
       0
       2
       0
       3
       0
       0
       1
       0
       1
       0
       2
       3
       3
       0
       2
       2
       1
       2
       2
       1
       1
       0
       0
       0
       3
       0
       1
       0
       0
       1
       1
       1
       0
       1
       0
       1
       0
       1
       0
       0
       2
       0
       0
       0
       0
       1
       0
       0
       0
       1
       2
       1
       0
       0
       0
       1
       1
       1
       0
       0
       1
       1
       0
       1
       0
       0
       1
       0
       1
       0
       0
       0
       0
       1
       1
       1
       1
       1
       0
       0
       2
       2
       0
       3
       1
       1
       2
       2
       1
       1
       4
       0
       0
       2
       0
       2
       0
       1
       0
       2
       2
       0
       1
       1
       0
       0
       2
       2
       1
       1
       1
       0
       1
       0
       1
       1
       0
       1
       0
       1
       0
       1
       1
       1
       1
       0
       1
       0
       0
       1
       0
       3
       1
       1
       0
       0
       1
       1
       0
       1
       1
       1
       2
       1
       0
       0
       0
       0
       1
       0
       0
       1
       0
       1
       1
       0
       1
       2
       1
       3
       0
       0
       1
       3
       0
       0
       1
       0
       0
       1
       2
       0
       0
       1
       1
       1
       0
       1
       1
       2
       0
       1
       1
       1
       0
       0
       1
       0
       0
       0
       0
       1
       0
       0
       0
       0
       2
       1
       0
       1
       0
       1
       1
       0
       1
       1
       3
       0
       0
       1
       0
       1
       1
       0
       0
       0
       1
       0
       0
       1
       0
       0
       1
       1
       1
       0
       1
       3
       0
       3
       0
       0
       0
       1
       0
       1
       1
       0
       0
       0
       1
       2
       2
       2
       0
       0
       1
       1
       1
       1
       0
       0
       0
       2
       3
       1
       1
       0
       0
       0
       0
       0
       1
       0
       1
       2
       0
       1
       0
       0
       0
       1
       1
       0
       1
       0
       0
       2
       0
       0
       0
       0
       1
       0
       1
       1
       0
       2
       0
       0
       1
       2
       2
      10
       2
       7
       9
       9
       7
      12
       8
       7
       7
       3
       3
       0
       1
       1
       2
       1
       0
       0
       1
       0
       0
       0
       1
       0
       0
       0
       2
       0
       1
       1
       1
       1
       0
       1
       0
       0
       0
       0
       0
       0
       0
       0
       1
       0
       0
       1
       1
       1
       0
       1
       0
       0
       2
       1
       0
       0
       0
       1
       0
       0
       0
       0
       0
       1
       1
       0
       0
       0
       1
       0
       1
       1
       0
       1
       0
       0
       1
       0
       0
       2
       0
       0
       0
       2
       1
       2
       0
       0
       1
       0
       0
       0
       0
       1
       0
       0
       1
       1
       2
       0
       1
       0
       0
       1
       0
       0
       0
       0
       1
       0
       1
       1
       0
       1
       0
       1
       0
       1
       0
       0
       0
       0
       0
       0
       0
       0
       0
       0
       1
       1
       0
       1
       2
       1
       1
       0
       3
       1
       0
       0
       0
       1
       0
       1
       1
       0
       1
       0
       0
       0
       0
       0
       1
       0
       0
       0
       0
       1
       0
       1
       0
       3
       0
       0
       1
       0
       0
       0
       2
       0
       1
       0
       0
       1
       0
       2
       2
       0
       1
       3
       1
       0
       0
       1
       0
       0
       1
       1
       0
       0
       1
       0
       0
       0
       1
       1
       0
       0
       1
       1
       0
       1
       0
       3
       0
       0
       0
       2
       0
       0
       0
       1
       0
       1
       0
       1
       1
       0
       1
       0
       0
       0
       1
       0
       0
       0
       1
       1
       1
       1
       1
       0
       1
       0
       0
       2
       0
       0
       0
       0
       0
       1
       2
       1
       3
       1
       0
       1
       2
       0
       1
       3
       1
       0
       0
       1
       0
       1
       0
       1
       0
       0
       0
       1
       0
       1
       0
       0
       1
       0
       0
       0
       0
       1
       1
       1
       6
      12
      19
      19
      21
      40
      50
      42
      36
      28
      20
      14
      10
       2
       1
       1
       1
       0
       0
       0
       0
       1
       0
       0
       0
       0
       0
       0
       1
       0
       0
       3
       1
       0
       0
       0
       0
       0
       1
       0
       0
       0
       0
       0
       0
       0
       0
       0
       1
       0
       0
       0
       0
       1
       0
       0
       0
       0
       0
       0
       0
       0
       1
       0
       1
       0
       0
       0
       0
       1
       0
       0
       2
       0
       1
       0
       0
       0
       0
       1
       0
       0
       1
       0
       1
       1
       0
       0
       1
       1
       0
       0
       1
       0
       0
       0
       1
       0
       0
       1
       0
       0
       0
       0
       0
       1
       2
       0
       2
       0
       0
       1
       0
       0
       0
       1
       0
       0
       1
       0
       0
       0
       0
       1
       1
       1
       1
       0
       0
       0
       1
       0
       0
       0
       2
       0
       0
       1
       0
       0
       0
       0
       0
       0
       0
       0
       1
       0
       0
       1
       0
       1
       0
       0
       0
       2
       0
       0
       1
       0
       0
       0
       0
       0
       0
       2
       0
       0
       0
       1
       0
       1
       0
       0
       1
       1
       0
       0
       0
       0
       0
       1
       0
       0
       0
       1
       0
       0
       0
       1
       1
       0
       0
       0
       0
       0
       0
       0
       0
       0
       0
       0
       0
       0
       0
       0
       0
       1
       0
       0
       1
       0
       1
       0
       0
       0
       1
       0
       1
       0
       1
       0
       0
       1
       0
       1
       0
       0
       0
       1
       0
       0
       0
       2
       0
       2
       0
       1
       1
       0
       1
       1
       0
       0
       0
       0
       0
       0
       1
       0
       0
       0
       0
       0
       0
       0
       0
       1
       0
       0
       1
       0
       0
       0
       0
       0
       0
       1
       0
       1
       1
       0
       0
       0
       0
       0
       0
       0
       0
       0
       0
       0
       0
       0
       0
       0
       0
       0
       0
       0
       0
       0
       1
       2
       1
       0
       0
       1
       3
       3
       4
       0
       0
       0
       3
       1
       0
       0
       0
       0
       0
       0
       0
       1
       0
       0
       0
       0
       0
       0
       0
       0
       1
       0
       0
       0
       0
       1
       1
       0
       0
       0
       0
       0
       0
       1
       0
       0
       0
       0
       0
       0
       2
       1
       1
       0
       0
       0
       0
       0
       0
       0
       0
       0
       0
       0
       0
       0
       0
       1
       0
       0
       0
       0
       1
       0
       0
       0
       0
       0
       0
       0
       0
       0
       0
       0
       0
       0
       0
       0
       0
       1
       0
       0
       1
       1
       0
       0
       1
       0
       0
       0
       0
       0
       1
       2
       0
       0
       0
       0
       1
       0
       0
       0
       0
       1
       0
       0
       0
       1
       0
       1
       0
       0
       0
       0
       0
       0
       0
       0
       0
       0
       3
       0
       1
       0
       0
       0
       0
       0
       0
       0
       0
       0
       0
       1
       0
       0
       0
       0
       0
       0
       0
       0
       0
       0
       0
       0
       0
       0
       1
       0
       0
       0
       0
       0
       0
       0
       0
       0
       0
       0
       0
       0
       0
       0
       0
       1
       0
       0
       0
       1
       0
       0
       0
       0
       1
       0
       0
       0
       0
       0
       0
       0
       0
       0
       0
       0
       0
       1
       0
       0
       0
       0
       0
       0
       0
       0
       0
       1
       0
       1
       0
       0
       0
       0
       0
       1
       0
       0
       0
       0
       0
       0
       0
       0
       0
       0
       0
       0
       0
       1
       0
       0
       0
       0
       0
       0
       0
       0
       0
       0
       0
       0
       0
       0
       0
       0
       1
       1
       0
       0
       0
       0
       0
       0
       0
       0
       0
       0
       0
       0
       0
       0
       0
       0
       0
       0
       0
       0
       0
       0
       0
       0
       0
       0
       0
       0
       0
       0
       0
       0
       0
       0
       0
       0
       0
       0
       0
       0
       0
       0
       0
       1
       0
       1
       0
       0
       0
       0
       0
       0
       0
       0
       0
       0
       0
       0
       0
       1
       0
       0
       0
       0
       0
       0
       0
       0
       0
       0
       0
       0
       0
       0
       0
       1
       0
       0
       0
       0
       0
       1
       0
       0
       0
       1
       0
       0
       0
       0
       0
       0
       0
       0
       0
       1
       0
       0
       0
       0
       0
       0
       0
       0
       0
       1
       1
       0
       0
       0
       0
       0
       1
       0
       0
       0
       0
       0
       0
       0
       0
       0
       0
       0
       0
       0
       0
       0
       0
       0
       0
       0
       0
       0
       0
       0
       0
       0
       1
       0
       0
       1
       0
       0
       0
       1
       0
       0
       0
       0
       0
       0
       0
       0
       0
       0
       0
       0
       0
       0
       0
       1
       0
       0
       0
       0
       0
       0
       0
       0
       0
       0
       1
       0
       0
       0
       0
       0
       0
       0
       0
       0
       1
       1
       0
       0
       0
       0
       0
       1
       0
       0
       0
       0
       0
       0
       0
       0
       0
       0
       0
       0
       0
       0
       0
       0
       0
       0
       0
       0
       0
       0
       1
       0
       0
       0
       0
       0
       0
       0
       0
       0
       1
       0
       0
       0
       0
       0
       0
       0
       0
       1
       0
       0
       0
       0
       0
       0
       0
       0
       0
       0
       0
       0
       0
       1
       1
       0
       0
       0
       0
       3
       0
       2
       2
       4
       3
      11
       7
      18
      12
       8
       6
       5
       2
       2
       0
       1
       0
       0
       0
       0
       0
       1
       0
       0
       2
       0
       0
       0
       0
       0
       0
       0
       0
       0
       0
       0
       0
       0
       2
       2
       0
       0
       0
       0
       0
       1
       1
       0
       0
       1
       0
       2
       1
       1
       1
       0
       0
       1
       0
       0
       0
       0
       1
       1
       3
       0
       0
       0
       1
       1
       0
       0
       0
       0
       0
       0
       0
       0
       1
       1
       0
       1
       0
       0
       0
       0
       0
       0
       0
       2
       0
       0
       0
       0
       1
       0
       1
       0
       0
       0
       0
       0
       0
       0
       1
       0
       2
       2
       1
       0
       0
       0
       1
       1
       0
       0
       2
       0
       0
       0
       0
       0
       0
       1
       0
       1
       1
       0
       2
       0
       1
       1
       0
       0
       0
       0
       1
       0
       0
       0
       0
       2
       0
       1
       3
       3
       0
       1
       1
       1
       1
       1
       0
       0
       0
       0
       0
       0
       0
       0
       0
       1
       0
       1
       0
       1
       1
       2
       2
       0
       0
       1
       2
       0
       0
       0
       0
       2
       2
       0
       1
       1
       0
       1
       2
       0
       0
       0
       2
       1
       0
       0
       0
       0
       0
       0
       0
       0
       0
       0
       0
       0
       1
       0
       0
       1
       1
       0
       1
       0
       0
       1
       1
       3
       1
       0
       0
       0
       0
       1
       0
